m:a level,-1,-5000,-5000,5000,5000,background,196,2.000000,60000;
p:0,0,18,20;
1:-24,20,250,264,0.000000,0,50,stone,0,0,0,0,1,255,255,255,255,0,0,0,100;
2:-23,-180,129,102,0.000000,0,50,stone,0,0,0,0,1,255,255,255,255,0,0,0,100;
3:-21,-80,247,101,0.000000,0,50,stone,0,0,0,0,0,255,0,255,200,0,0,0,100;
4:37,-46,7,7,0.000000,0,50,None,0,0,0,0,0,255,0,156,255,0,0,0,100;
5:104,-180,121,133,0.000000,0,50,stone,0,0,0,0,1,255,255,255,255,0,0,0,100;
6:121,-28,7,7,0.000000,0,50,None,0,0,0,0,1,255,0,127,255,0,0,0,100;
7:-153,-182,133,470,0.000000,0,50,stone,0,0,0,0,1,255,255,255,255,0,0,0,100;
8:197,-26,7,7,0.000000,0,50,None,0,0,0,0,1,255,0,112,255,0,0,0,100;
9:216,-248,246,135,0.000000,0,50,stone,0,0,0,0,1,255,255,255,255,0,0,0,100;
10:224,-114,240,380,0.000000,0,50,stone,0,0,0,0,0,255,0,255,255,0,0,0,100;
11:224,119,244,122,0.000000,0,50,stone,0,0,0,0,0,255,255,0,0,0,0,0,100;
12:304,30,25,25,0.000000,0,50,stone,0,0,0,0,1,255,255,255,255,0,0,0,100;
13:405,31,25,25,0.000000,0,50,stone,0,0,0,0,1,255,255,255,255,0,0,0,100;
14:340,-42,11,11,0.000000,0,50,None,0,0,0,0,1,255,255,255,255,0,0,0,100;
15:343,-115,5,73,0.000000,0,50,stone,0,0,0,0,0,255,255,255,255,0,0,0,100;
l1:-26,-110,136,0,0,204,255,0,134,255;
l2:57,-93,136,0,0,173,255,0,134,255;
l3:133,-91,136,0,0,100,255,0,134,255;
l4:179,37,238,0,0,100,255,255,10,18;
l5:281,39,237,0,0,100,255,255,10,18;
l6:244,-135,196,0,0,100,255,255,255,255;
/