m:air time,-1,-740,-540,740,540,desert,255,4.130000,60000,0;
p:-675,271,18,20;
1:-740,317,240,222,0.000000,0,50,sand,0,0,0,0,1,255,255,255,255,0,0,0,100;
2:-741,294,203,24,0.000000,0,63,upperSand,0,0,0,0,1,255,255,255,255,0,0,0,100;
3:-538,294,38,24,-0.981747,0,63,upperSand,0,0,0,0,1,255,255,255,255,0,0,0,100;
4:-400,209,17,122,0.000000,0,50,stone,0,0,0,0,1,255,255,255,255,0,0,0,100;
5:-283,208,15,125,0.000000,0,50,stone,0,0,0,0,1,255,255,255,255,0,0,0,100;
6:-392,204,124,127,0.000000,0,50,cobble,0,0,0,0,0,255,255,255,0,0,0,0,100;
7:-424,185,25,25,-1.570795,1,50,stone,0,0,0,0,1,255,255,255,255,0,0,0,100;
8:-269,184,25,25,-1.570795,0,50,stone,0,0,0,0,1,255,255,255,255,0,0,0,100;
9:-399,184,130,25,0.000000,1,50,stone,0,0,0,0,1,255,255,255,255,0,0,0,100;
11:-357,323,53,53,0.000000,0,50,sawblade,1,0,0,0,0,255,255,255,255,12,90,59,1335;
12:-364,430,70,8,0.000000,0,23,wood,0,0,0,0,1,255,255,255,255,0,0,0,100;
13:-336,264,11,200,0.000000,0,50,stone,0,0,0,0,1,255,255,255,255,0,0,0,100;
14:-241,375,83,15,0.000000,0,50,stone,0,0,0,0,1,255,255,255,255,0,0,0,100;
k0:-350,327,38,42,0,90,59,1335;
/