m:border,27796,-500,-570,500,570,desert,191,3.580000,60000;
p:-162,287,18,20;
1:-500,312,1001,50,0.000000,0,50,upperSand,0,0,0,0,1,255,255,255,255,0,0,0,100;
2:-501,362,1001,207,0.000000,0,50,sand,0,0,0,0,1,255,255,255,255,0,0,0,100;
3:-503,-39,161,355,0.000000,0,50,sand,0,0,0,0,1,255,255,255,255,0,0,0,100;
4:-250,266,59,49,-1.570795,0,50,sand,0,0,0,0,1,255,255,255,255,0,0,0,100;
5:-342,157,95,74,-1.570795,0,50,sand,0,0,0,0,1,255,255,255,255,0,0,0,100;
6:-342,229,96,86,0.000000,0,50,sand,0,0,0,0,1,255,255,255,255,0,0,0,100;
7:-504,-166,159,133,-1.570795,0,50,sand,0,0,0,0,1,255,255,255,255,0,0,0,100;
8:257,-35,172,61,-1.570795,1,50,sand,0,0,0,0,1,255,255,255,255,0,0,0,100;
9:141,244,289,28,0.000000,0,50,cobble,0,0,0,0,1,255,255,255,255,0,0,0,100;
10:429,-46,75,358,0.000000,0,50,sand,0,0,0,0,1,255,255,255,255,0,0,0,100;
11:429,-176,75,130,-1.570795,1,50,sand,0,0,0,0,1,255,255,255,255,0,0,0,100;
12:105,276,36,36,0.000000,0,35,crate,1,0,0,0,1,255,255,255,255,0,0,0,100;
13:81,287,24,25,0.000000,0,35,crate,1,0,0,0,1,255,255,255,255,0,0,0,100;
14:117,253,24,23,0.000000,0,35,crate,1,0,0,0,1,255,255,255,255,0,0,0,100;
15:67,298,14,14,0.000000,0,35,crate,1,0,0,0,1,255,255,255,255,0,0,0,100;
16:44,299,23,13,-1.570795,1,18,sand,0,0,0,0,1,255,255,255,255,0,0,0,100;
17:140,272,290,40,0.000000,0,50,sand,0,0,0,0,1,255,131,94,98,0,0,0,100;
18:-195,138,92,17,0.000000,0,50,sand,0,0,0,0,1,255,255,255,255,0,0,0,100;
19:170,25,259,220,0.000000,0,50,cobble,0,0,0,0,0,255,255,127,0,0,0,0,100;
20:141,188,30,56,-1.570795,1,50,cobble,0,0,0,0,0,255,255,127,0,0,0,0,100;
21:211,171,5,25,0.000000,0,50,stone,0,0,0,0,0,255,255,255,255,0,0,0,100;
22:211,194,5,5,0.000000,0,50,None,0,0,0,0,0,255,134,0,0,0,0,0,100;
23:300,171,5,25,0.000000,0,50,stone,0,0,0,0,0,255,255,255,255,0,0,0,100;
24:300,194,5,5,0.000000,0,50,None,0,0,0,0,0,255,134,0,0,0,0,0,100;
25:167,137,168,37,0.000000,0,50,cobble,0,0,0,0,1,255,255,255,255,0,0,0,100;
26:167,25,261,37,0.000000,0,50,cobble,0,0,0,0,1,255,255,255,255,0,0,0,100;
27:379,62,50,184,0.000000,0,50,cobble,0,0,88,0,1,250,255,255,255,0,0,0,100;
28:259,84,5,5,0.000000,0,50,None,0,0,0,0,0,255,134,0,0,0,0,0,100;
29:259,59,5,25,0.000000,0,50,stone,0,0,0,0,0,255,255,255,255,0,0,0,100;
30:117,25,50,37,-1.570795,1,50,cobble,0,0,0,0,1,255,255,255,255,0,0,0,100;
31:118,137,50,37,-1.570795,1,50,cobble,0,0,0,0,1,255,255,255,255,0,0,0,100;
32:-31,146,92,17,0.000000,0,50,sand,0,0,0,0,1,255,255,255,255,0,0,0,100;
33:-226,124,31,31,-0.471239,0,50,sand,0,0,0,0,1,255,255,255,255,0,0,0,100;
34:-281,-9,13,125,0.000000,0,50,stone,0,0,0,0,1,255,255,255,255,0,0,0,100;
35:-342,11,64,11,0.000000,0,22,wood,0,0,0,0,0,255,255,255,255,0,0,0,100;
36:-342,51,64,11,0.000000,0,22,wood,0,0,0,0,0,255,255,255,255,0,0,0,100;
37:-342,89,64,11,0.000000,0,22,wood,0,0,0,0,0,255,255,255,255,0,0,0,100;
38:-358,2,25,25,0.000000,0,50,sawblade,1,0,0,0,0,255,255,163,14,13,0,0,100;
39:-358,44,25,25,0.000000,0,50,sawblade,1,0,0,0,0,255,255,163,14,13,0,0,100;
40:-358,82,25,25,0.000000,0,50,sawblade,1,0,0,0,0,255,255,163,14,13,0,0,100;
41:-226,12,12,57,0.000000,0,50,stone,0,0,0,0,1,255,255,255,255,0,0,0,100;
42:-214,13,92,17,0.000000,0,50,sand,0,0,0,0,1,255,255,255,255,0,0,0,100;
43:-281,-22,13,13,-1.531525,0,50,stone,0,0,0,0,1,255,255,255,255,0,0,0,100;
44:-98,269,45,44,0.000000,0,50,cactus,0,0,0,0,0,255,123,185,69,0,0,0,100;
45:-174,-10,5,26,0.000000,0,50,stone,0,0,0,0,0,255,255,255,255,0,0,0,100;
46:-176,-17,9,8,0.000000,0,50,None,0,0,0,0,0,255,255,255,255,0,0,0,100;
47:193,-28,24,38,0.000000,0,50,check,0,1,0,0,0,12,255,255,255,0,0,0,255;
48:190,-35,28,29,0.000000,0,29,gem,0,0,0,0,0,255,255,255,255,0,90,18,632;
49:-4,18,92,17,0.000000,0,50,sand,0,0,0,0,1,255,255,255,255,0,0,0,100;
50:-61,292,25,23,0.000000,0,24,cactus,0,0,0,0,0,255,156,189,120,0,0,0,100;
51:-168,117,24,21,0.000000,0,24,cactus,0,0,0,0,0,255,156,189,120,0,0,0,100;
52:19,-1,24,21,0.000000,0,24,cactus,0,0,0,0,0,255,156,189,120,0,0,0,100;
l1:176,160,74,0,0,188,255,255,65,0;
l2:-193,-34,42,0,0,158,255,255,255,255;
l3:225,50,74,0,0,188,255,255,65,0;
l4:265,160,74,0,0,188,255,255,65,0;
l5:164,-48,81,0,0,100,255,255,255,0;
d0:-254,234,56,81,0,1,420,0;
d1:-350,86,75,152,0,1,420,0;
d2:326,-60,104,87,2,1,390,0;
/
i0:0,0,1,0,0,1,-162,287,-10.404359,7.000000;
i1:678,1,1,0,0,1,-246,254,-5.414170,8.000000;
i2:962,0,1,0,0,1,-246,235,-4.765868,149.000000;
i3:1112,1,1,0,0,1,-246,241,-4.765868,0.000000;
i4:1511,0,1,0,0,1,-224,222,-45.713378,199.000000;
i5:1834,0,0,0,0,1,-241,261,-78.270645,7.500000;
i6:1923,0,0,1,0,1,-244,257,-16.750850,7.500000;
i7:2946,1,0,1,0,1,7,289,296.993919,7.000000;
i8:3102,0,0,1,0,1,53,274,285.517135,85.500000;
i9:3247,1,0,1,0,1,87,265,10.691397,0.000000;
i10:3487,0,0,1,0,1,77,244,76.321848,120.500000;
i11:3687,1,0,1,0,1,95,249,156.856211,220.000000;
i12:3929,0,0,1,0,1,89,233,59.239013,99.500000;
i13:4126,1,0,1,0,1,103,230,144.648634,7.500000;
i14:4326,0,0,1,0,1,133,213,193.572022,107.000000;
i15:5177,0,0,0,0,1,329,224,246.649861,7.500000;
i16:5222,1,0,0,0,1,339,221,216.192407,7.000000;
i17:5236,1,0,1,0,1,342,220,217.717853,14.000000;
i18:5512,0,0,1,0,1,361,202,10.404683,152.000000;
i19:5604,1,0,1,0,1,361,205,11.114445,0.000000;
i20:5868,0,0,1,0,1,352,184,85.968185,132.000000;
i21:5986,1,0,1,0,1,361,185,135.709912,191.000000;
i22:6232,0,0,1,0,1,352,166,75.661507,115.500000;
i23:6362,1,0,1,0,1,362,166,133.030518,181.500000;
i24:6510,1,0,0,0,1,353,153,28.020900,61.000000;
i25:6542,1,1,0,0,1,352,151,18.733993,76.500000;
i26:6572,0,1,0,0,1,350,149,-2.355429,95.000000;
i27:6802,1,1,0,0,1,334,150,-11.114175,0.000000;
i28:6852,1,0,0,0,1,339,143,-2.495160,28.000000;
i29:6895,1,0,1,0,1,344,137,8.936611,56.500000;
i30:7048,0,0,1,0,1,357,129,69.825093,123.000000;
i31:7171,1,0,1,0,1,361,130,11.114185,0.000000;
i32:7213,1,1,1,0,1,356,124,-1.177283,24.500000;
i33:7262,1,1,0,0,1,352,119,-12.154261,48.000000;
i34:7299,0,1,0,0,1,349,116,-22.144407,64.000000;
i35:7649,1,1,0,0,1,299,114,-164.310408,8.000000;
i36:7681,1,0,0,0,1,293,110,-160.556971,24.000000;
i37:7730,1,0,1,0,1,285,105,-126.817187,48.500000;
i38:7955,0,0,1,0,1,278,95,60.311766,162.000000;
i39:8031,0,0,0,0,1,284,98,86.518169,199.000000;
i40:8094,0,1,0,0,1,288,102,60.738579,230.000000;
i41:8975,1,1,0,0,1,157,114,-237.653501,7.000000;
i42:9108,0,1,0,0,1,125,100,-242.718446,74.000000;
i43:9622,1,1,0,0,1,-1,123,-251.502861,7.000000;
i44:9778,0,1,0,0,1,-41,108,-252.139254,85.500000;
i45:10394,0,0,0,0,1,-197,118,-249.476688,6.500000;
i46:10676,0,1,0,0,1,-244,104,-117.270095,7.000000;
i47:10704,1,1,0,0,1,-247,104,-128.216055,21.000000;
i48:10888,0,1,0,0,1,-276,120,-180.995078,112.500000;
i49:11188,0,0,0,0,1,-324,159,-131.165302,7.500000;
i50:12515,0,0,1,0,1,-234,212,100.259648,58.000000;
i51:13387,1,0,1,0,1,-5,289,298.084764,7.000000;
i52:13543,0,0,1,0,1,40,274,286.832983,85.500000;
i53:13685,1,0,1,0,1,80,266,278.489973,156.500000;
i54:13897,0,0,1,0,1,94,245,88.498662,91.000000;
i55:14052,1,0,1,0,1,99,242,11.230345,0.000000;
i56:14251,0,0,1,0,1,88,223,53.795647,99.500000;
i57:14420,1,0,1,0,1,97,222,131.267604,183.500000;
i58:14706,0,0,1,0,1,141,214,201.719941,66.000000;
i59:15361,1,0,1,0,1,289,221,252.141868,7.000000;
i60:15633,0,0,1,0,1,358,202,252.737789,143.500000;
i61:15735,1,0,1,0,1,361,204,10.405061,0.000000;
i62:15934,0,0,1,0,1,350,185,53.903034,100.500000;
i63:16066,1,0,1,0,1,356,183,116.294287,165.500000;
i64:16313,0,0,1,0,1,351,168,47.600080,87.000000;
i65:16446,1,0,1,0,1,356,165,110.448898,154.000000;
i66:16579,1,0,0,0,1,356,159,12.871805,29.500000;
i67:16608,1,1,0,0,1,354,156,7.888663,44.000000;
i68:16637,0,1,0,0,1,352,153,-2.027537,58.500000;
i69:16843,1,1,0,0,1,334,145,-11.114155,0.000000;
i70:16873,1,1,1,0,1,337,141,-1.846319,14.500000;
i71:16902,1,0,1,0,1,340,138,-0.934775,29.500000;
i72:17037,0,0,1,0,1,352,126,45.984250,97.000000;
i73:17096,1,0,1,0,1,358,124,75.876848,126.000000;
i74:17185,1,0,0,0,1,356,118,1.884660,22.500000;
i75:17215,1,1,0,0,1,354,114,-2.144017,38.500000;
i76:17246,0,1,0,0,1,351,111,-10.298784,53.000000;
i77:18154,1,1,0,0,1,180,114,-242.693192,7.500000;
i78:18303,0,1,0,0,1,144,99,-246.387769,81.500000;
i79:18941,1,1,0,0,1,-16,123,-256.778690,7.000000;
i80:19106,0,1,0,0,1,-59,107,-255.463428,89.500000;
i81:19682,0,0,0,0,1,-206,118,-248.821299,7.000000;
i82:19850,1,0,0,0,1,-238,101,-149.973140,7.500000;
i83:19878,1,1,0,0,1,-242,98,-148.724579,21.000000;
i84:20076,0,1,0,0,1,-268,83,-10.404359,120.000000;
i85:20202,1,1,0,0,1,-268,83,-10.404359,0.000000;
i86:20441,0,1,0,0,1,-258,63,-72.851898,119.500000;
i87:20595,1,1,0,0,1,-269,64,-139.539989,196.500000;
i88:20793,0,1,0,0,1,-258,47,-51.723542,92.000000;
i89:21027,1,1,0,0,1,-267,48,-37.863240,209.000000;
i90:21096,1,1,1,0,1,-265,47,-10.634517,14.000000;
i91:21124,1,0,1,0,1,-263,43,-9.357544,27.500000;
i92:21222,0,0,1,0,1,-255,34,22.684909,77.000000;
i93:21359,1,0,1,0,1,-243,29,10.404359,0.000000;
i94:21427,1,0,0,0,1,-249,20,5.016866,33.500000;
i95:21440,1,1,0,0,1,-250,19,1.150966,41.000000;
i96:21535,0,1,0,0,1,-258,11,-33.446706,88.000000;
i97:21670,1,1,0,0,1,-268,8,-9.690176,0.000000;
i98:21697,1,1,1,0,1,-265,4,-1.606928,13.500000;
i99:21724,1,0,1,0,1,-263,1,-1.030133,27.000000;
i100:21830,0,0,1,0,1,-253,-8,32.222008,81.000000;
i101:22414,1,0,1,0,1,-151,-8,216.251144,6.500000;
i102:22543,0,0,1,0,1,-121,-22,228.264827,71.000000;
i103:23117,0,0,0,0,1,18,-1,242.675147,6.000000;
i104:23143,0,1,0,0,1,24,-1,214.129102,6.500000;
i105:23359,0,0,0,0,1,42,-1,0.836153,7.000000;
i106:24256,0,0,1,0,1,43,-1,9.747266,6.500000;
i107:24574,1,0,1,0,1,75,-3,159.538084,6.500000;
i108:24759,0,0,1,0,1,109,-21,199.713917,99.500000;
i109:24878,0,0,0,0,1,133,-23,206.085308,158.500000;
i110:24918,0,1,0,0,1,141,-22,171.861280,179.000000;
i111:25080,0,0,0,0,1,153,-10,18.774958,259.500000;
i112:25743,1,0,0,0,1,159,2,2.568592,7.000000;
i113:26063,0,0,0,0,1,159,-16,0.984840,167.000000;
i114:26704,1,0,0,0,1,159,2,0.144346,7.000000;
i115:27145,0,0,0,0,1,160,-9,0.038517,227.500000;
i116:27587,0,0,1,0,1,160,5,10.414606,7.000000;
i117:27697,1,0,1,0,1,165,2,78.631329,7.000000;
