m:climb,23178,-840,-500,840,500,desert,235,3.470000,60000,0;
p:-566,217,18,20;
1:-581,242,202,35,0.000000,0,85,upperSand,0,0,0,0,1,255,255,255,255,0,0,0,100;
2:-581,272,202,229,0.000000,0,85,sand,0,0,0,0,1,255,255,255,255,0,0,0,100;
3:-295,-412,51,682,0.000000,0,50,wood,0,0,0,38,1,255,255,255,255,0,0,0,100;
4:-295,322,51,216,0.000000,0,50,wood,0,0,0,95,1,255,255,255,255,0,0,0,100;
5:-71,-202,52,747,0.000000,0,50,wood,0,0,0,0,1,255,255,255,255,0,0,0,100;
6:-244,-412,752,51,0.000000,0,50,wood,0,0,0,0,1,255,255,255,255,0,0,0,100;
7:-273,-408,230,920,0.000000,0,50,wood,0,0,0,0,0,238,185,153,149,0,0,0,100;
8:-159,-363,5,891,0.000000,0,50,Bcheck,0,0,0,0,0,157,127,54,0,0,0,0,100;
9:-176,-343,39,39,0.000000,0,50,sawblade,1,0,0,0,0,255,255,255,255,4,90,751,5000;
10:228,-202,52,747,0.000000,0,50,wood,0,0,0,0,1,255,255,255,255,0,0,0,100;
11:-20,-202,254,52,0.000000,0,50,wood,0,0,0,0,1,255,255,255,255,0,0,0,100;
12:457,68,51,450,0.000000,0,50,wood,0,0,0,0,1,255,255,255,255,0,0,0,100;
13:237,-389,232,920,0.000000,0,50,wood,0,0,27,38,0,238,185,153,149,0,0,0,100;
14:-44,-362,284,161,0.000000,0,50,wood,0,0,63,92,0,238,185,153,149,0,0,0,100;
15:-134,-365,16,305,0.000000,0,50,stone,0,0,0,0,1,255,255,255,255,0,0,0,100;
16:-199,-364,18,518,0.000000,0,50,stone,0,0,0,0,1,255,255,255,255,0,0,0,100;
17:-134,-17,17,535,0.000000,0,50,stone,0,0,0,0,1,255,255,255,255,0,0,0,100;
18:-198,199,18,325,0.000000,0,50,stone,0,0,0,0,1,255,255,255,255,0,0,0,100;
19:-226,-362,5,888,0.000000,0,50,Bcheck,0,0,0,0,0,157,127,54,0,0,0,0,100;
20:-95,-363,5,888,0.000000,0,50,Bcheck,0,0,0,0,0,157,127,54,0,0,0,0,100;
21:-243,456,39,39,0.000000,0,50,sawblade,1,0,0,0,0,255,255,255,255,4,270,803,3000;
22:-113,461,39,39,0.000000,0,50,sawblade,1,0,0,0,0,255,255,255,255,4,270,803,3000;
23:328,-362,15,246,0.000000,0,50,stone,0,0,0,0,1,255,255,255,255,0,0,0,100;
24:393,-361,18,518,0.000000,0,50,stone,0,0,0,0,1,255,255,255,255,0,0,0,100;
25:301,-362,5,888,0.000000,0,50,Bcheck,0,0,0,0,0,157,127,54,0,0,0,0,100;
26:282,463,39,39,0.000000,0,50,sawblade,1,0,0,0,0,255,255,255,255,4,270,803,3000;
27:327,-68,15,571,0.000000,0,50,stone,0,0,0,0,1,255,255,255,255,0,0,0,100;
28:368,-361,5,888,0.000000,0,50,Bcheck,0,0,0,0,0,157,127,54,0,0,0,0,100;
29:350,-347,39,39,0.000000,0,50,sawblade,1,0,0,0,0,255,255,255,255,4,90,803,3000;
30:393,220,19,289,0.000000,0,50,stone,0,0,0,0,1,255,255,255,255,0,0,0,100;
31:434,-366,5,888,0.000000,0,50,Bcheck,0,0,0,0,0,157,127,54,0,0,0,0,100;
32:417,463,39,39,0.000000,0,50,sawblade,1,0,0,0,0,255,255,255,255,4,270,803,3500;
33:-844,42,154,494,-0.039270,0,85,sand,0,0,0,0,1,255,255,255,255,0,0,0,100;
34:-692,150,111,353,-0.117810,0,85,sand,0,0,0,0,1,255,255,255,255,0,0,0,100;
35:457,-363,51,351,0.000000,0,50,wood,0,0,0,0,1,255,255,255,255,0,0,0,100;
36:95,-265,33,48,0.000000,0,50,Bcheck,0,2,0,0,0,0,255,255,255,0,0,0,255;
37:95,-262,33,35,0.000000,0,50,gem,1,0,0,0,0,255,61,0,251,0,0,0,100;
38:585,185,259,314,0.000000,0,85,sand,0,0,0,0,1,255,255,255,255,0,0,0,100;
39:584,152,262,39,0.000000,0,85,upperSand,0,0,0,0,1,255,255,255,255,0,0,0,100;
40:777,-29,65,181,-0.196349,1,85,sand,0,0,0,0,1,255,255,255,255,0,0,0,100;
41:712,49,65,105,-0.510508,1,85,sand,0,0,0,0,1,255,255,255,255,0,0,0,100;
42:628,103,33,44,0.000000,0,50,check,0,1,0,0,0,0,255,255,255,0,0,0,255;
43:624,105,41,39,0.000000,0,50,gem,1,0,0,0,0,255,255,255,255,0,0,0,100;
l1:52,-301,117,0,0,100,255,0,255,255;
l2:590,70,108,0,0,173,255,255,109,149;
d0:-694,110,111,125,0,1,420,0;
d1:713,-27,137,147,2,1,420,0;
k0:-236,461,24,26,0,270,803,3000;
k1:-106,467,24,26,0,270,803,3000;
k2:-169,-335,24,26,0,90,803,5000;
k3:288,469,24,26,250,270,803,3000;
k4:424,470,24,26,255,270,803,3500;
k5:357,-340,24,26,242,90,803,3000;
/
i0:12,0,0,1,0,0,-565,217,5.498731,6.000000;
i1:443,1,0,1,0,0,-534,222,114.531163,0.000000;
i2:626,0,0,1,0,0,-511,203,131.968297,91.500000;
i3:727,0,0,1,0,0,-498,200,138.213799,142.000000;
i4:795,0,0,1,0,1,-488,201,141.469043,176.000000;
i5:1337,0,1,1,0,1,-379,222,239.292442,0.000000;
i6:1359,0,1,0,0,1,-374,222,207.016734,11.000000;
i7:1492,0,0,0,0,1,-358,228,55.070543,77.500000;
i8:1504,0,0,1,0,1,-357,229,53.125985,83.500000;
i9:2007,1,0,1,0,1,-281,302,212.638804,0.000000;
i10:2148,0,0,1,0,1,-249,286,227.332811,70.500000;
i11:2234,1,0,1,0,1,-230,281,233.511139,113.500000;
i12:2428,0,0,1,0,1,-224,265,26.158887,64.500000;
i13:2519,1,0,1,0,1,-225,260,61.723111,110.000000;
i14:2671,1,1,1,0,1,-216,260,131.039408,186.000000;
i15:2692,1,1,0,0,1,-217,259,-7.521274,5.000000;
i16:2745,0,1,0,0,1,-222,252,-11.273916,31.500000;
i17:2863,1,1,0,0,1,-233,242,-44.548289,90.500000;
i18:2939,1,1,1,0,1,-242,239,-80.224224,128.500000;
i19:2960,1,0,1,0,1,-244,238,-0.000000,139.000000;
i20:3090,0,0,1,0,1,-231,224,26.663524,65.000000;
i21:3213,1,0,1,0,1,-218,217,77.987719,126.500000;
i22:3299,1,1,1,0,1,-221,208,12.050947,32.500000;
i23:3320,1,1,0,0,1,-222,206,6.978435,43.000000;
i24:3385,0,1,0,0,1,-227,200,-14.782387,75.500000;
i25:3502,1,1,0,0,1,-238,195,-72.570547,134.000000;
i26:3567,1,1,1,0,1,-242,192,-8.344206,11.000000;
i27:3599,1,0,1,0,1,-239,188,-10.613307,27.000000;
i28:3674,0,0,1,0,1,-233,180,9.398428,64.500000;
i29:3877,0,0,0,0,1,-211,174,105.929911,166.000000;
i30:3948,0,0,1,0,1,-203,177,85.633851,201.500000;
i31:3970,1,0,1,0,1,-200,178,96.399328,212.500000;
i32:4178,0,0,1,0,1,-167,159,169.683607,99.000000;
i33:4275,1,0,1,0,1,-152,157,0.000000,147.500000;
i34:4339,1,0,0,0,1,-157,148,10.975029,32.000000;
i35:4360,1,1,0,0,1,-158,146,10.305855,42.500000;
i36:4427,0,1,0,0,1,-163,140,-13.069558,76.000000;
i37:4513,1,1,0,0,1,-171,136,-54.779291,119.000000;
i38:4587,1,1,1,0,1,-180,135,-94.239629,156.000000;
i39:4610,1,0,1,0,1,-179,134,-8.971614,6.000000;
i40:4726,0,0,1,0,1,-170,121,13.581127,64.000000;
i41:4834,1,0,1,0,1,-160,114,60.003700,118.000000;
i42:4921,1,1,1,0,1,-152,112,8.248653,5.500000;
i43:4942,1,1,0,0,1,-154,109,6.761728,16.000000;
i44:5016,0,1,0,0,1,-160,101,-7.671626,53.000000;
i45:5124,1,1,0,0,1,-170,94,-49.816661,107.000000;
i46:5199,1,1,1,0,1,-179,92,-88.796462,144.500000;
i47:5219,1,0,1,0,1,-181,92,-0.000000,154.500000;
i48:5337,0,0,1,0,1,-169,78,23.457519,59.000000;
i49:5422,1,0,1,0,1,-161,72,53.807163,101.500000;
i50:5539,1,1,1,0,1,-155,65,8.841733,21.000000;
i51:5570,1,1,0,0,1,-157,61,3.278599,36.500000;
i52:5603,0,1,0,0,1,-160,58,-5.197001,53.000000;
i53:5730,1,1,0,0,1,-172,50,-57.952182,116.500000;
i54:5793,1,1,1,0,1,-179,49,-91.170091,148.000000;
i55:5825,1,0,1,0,1,-179,46,-8.344206,11.000000;
i56:5931,0,0,1,0,1,-170,34,13.902868,64.000000;
i57:6068,1,0,1,0,1,-156,27,76.094387,132.500000;
i58:6174,1,0,0,0,1,-157,19,11.740522,31.500000;
i59:6184,1,1,0,0,1,-157,18,11.394024,36.500000;
i60:6249,0,1,0,0,1,-162,11,-8.808799,69.000000;
i61:6420,1,1,0,0,1,-179,5,-93.051925,154.500000;
i62:6452,1,1,1,0,1,-179,2,-8.344206,11.000000;
i63:6484,1,0,1,0,1,-176,-1,-10.613307,27.000000;
i64:6570,0,0,1,0,1,-170,-9,13.354068,70.000000;
i65:6687,1,0,1,0,1,-158,-15,68.485733,128.500000;
i66:6771,1,0,0,0,1,-153,-18,8.306061,10.500000;
i67:6793,1,1,0,0,1,-155,-21,7.776291,21.500000;
i68:6856,0,1,0,0,1,-160,-28,-5.776143,53.000000;
i69:6974,1,1,0,0,1,-171,-35,-53.423809,112.000000;
i70:7030,1,1,1,0,1,-177,-37,-83.186825,140.000000;
i71:7052,1,0,1,0,1,-180,-37,-94.110984,151.000000;
i72:7170,0,0,1,0,1,-170,-50,20.885900,54.000000;
i73:7399,0,0,0,0,1,-143,-58,117.087939,168.500000;
i74:7421,0,1,0,0,1,-140,-57,109.619925,179.500000;
i75:7584,0,0,0,0,1,-131,-45,-31.052054,261.000000;
i76:10096,0,0,1,0,1,-134,-37,-0.016746,0.000000;
i77:10214,1,0,1,0,1,-129,-37,75.787601,0.000000;
i78:10412,0,0,1,0,1,-105,-56,155.717754,99.000000;
i79:10499,1,0,1,0,1,-90,-58,178.379421,142.500000;
i80:10566,1,1,1,0,1,-93,-66,10.743642,27.500000;
i81:10588,1,1,0,0,1,-95,-68,6.124876,38.500000;
i82:10666,0,1,0,0,1,-101,-75,-18.918946,77.500000;
i83:10764,1,1,0,0,1,-110,-79,-66.116465,126.500000;
i84:10819,1,1,1,0,1,-117,-80,-94.727558,154.000000;
i85:10843,1,0,1,0,1,-116,-82,-9.690176,6.500000;
i86:10941,0,0,1,0,1,-109,-93,7.668439,55.500000;
i87:11063,1,0,1,0,1,-97,-100,57.737672,116.500000;
i88:11162,1,1,1,0,1,-90,-104,7.600149,10.000000;
i89:11185,1,1,0,0,1,-92,-107,5.241444,21.500000;
i90:11241,0,1,0,0,1,-97,-113,-6.155234,49.500000;
i91:11362,1,1,0,0,1,-108,-122,-53.378334,110.000000;
i92:11440,1,0,0,0,1,-117,-123,-93.779225,149.000000;
i93:11462,1,0,1,0,1,-116,-124,0.000000,5.500000;
i94:11596,0,0,1,0,1,-105,-139,25.920928,72.500000;
i95:11685,1,0,1,0,1,-95,-144,64.158243,117.000000;
i96:11785,1,1,1,0,1,-91,-149,8.874998,17.000000;
i97:11807,1,1,0,0,1,-93,-152,5.736297,28.000000;
i98:11864,0,1,0,0,1,-98,-158,-7.937572,56.500000;
i99:12007,1,1,0,0,1,-111,-166,-70.453985,128.000000;
i100:12085,1,0,0,0,1,-116,-169,-9.043731,11.500000;
i101:12096,1,0,1,0,1,-115,-171,-8.750569,17.000000;
i102:12195,0,0,1,0,1,-107,-181,14.245804,66.500000;
i103:12317,1,0,1,0,1,-95,-187,69.465095,127.500000;
i104:12407,1,1,1,0,1,-91,-192,8.874958,17.000000;
i105:12440,1,1,0,0,1,-94,-196,3.702615,33.500000;
i106:12485,0,1,0,0,1,-98,-201,-7.620675,56.000000;
i107:12630,1,1,0,0,1,-111,-209,-71.018106,128.500000;
i108:12652,1,1,1,0,1,-114,-209,-82.718402,139.500000;
i109:12686,1,0,1,0,1,-118,-209,-0.000000,156.500000;
i110:12821,0,0,1,0,1,-105,-225,28.251511,67.500000;
i111:13558,1,0,1,0,1,30,-222,233.163603,0.000000;
i112:13649,0,0,1,0,1,52,-233,238.552753,45.500000;
c0:13739;
i113:14254,0,0,0,0,1,203,-222,254.969453,0.000000;
i114:14433,0,1,0,0,1,238,-222,149.143312,0.000000;
i115:14524,0,0,0,0,1,247,-222,52.875095,0.000000;
i116:14580,0,0,1,0,1,249,-222,44.708848,0.000000;
i117:14894,0,1,1,0,1,287,-221,172.527861,28.000000;
i118:14917,0,1,0,0,1,291,-220,144.111219,39.500000;
i119:15050,0,0,0,0,1,300,-210,13.141492,106.000000;
i120:15396,0,0,1,0,1,303,-142,4.661099,279.000000;
i121:15630,0,1,1,0,1,321,-88,130.507926,0.000000;
i122:15652,0,1,0,0,1,323,-88,105.954051,0.000000;
i123:15763,0,0,0,0,1,329,-88,4.011345,0.000000;
i124:17114,0,0,1,0,1,330,-88,0.070081,0.000000;
i125:17401,0,1,1,0,1,355,-84,146.771327,55.000000;
i126:17424,0,1,0,0,1,358,-83,120.070037,66.500000;
i127:17524,0,0,0,0,1,364,-73,23.133482,116.500000;
i128:18162,0,0,1,0,1,371,104,3.421243,435.500000;
i129:18424,0,1,1,0,1,392,200,139.944703,0.000000;
i130:18445,0,1,0,0,1,395,200,115.890611,0.000000;
i131:18588,0,0,0,0,1,401,200,-13.145637,0.000000;
i132:19836,0,0,1,0,1,397,200,-0.312677,0.000000;
i133:19937,1,0,1,0,1,401,200,66.177723,0.000000;
i134:20139,0,0,1,0,1,424,180,151.614870,101.000000;
i135:20229,1,0,1,0,1,439,178,0.000000,146.000000;
i136:20396,0,0,1,0,1,429,160,39.141690,83.500000;
i137:20463,1,0,1,0,1,429,157,68.512628,117.000000;
i138:20611,1,0,0,0,1,439,158,0.000000,191.000000;
i139:20633,1,1,0,0,1,436,155,0.000000,11.000000;
i140:20699,0,1,0,0,1,431,147,-9.414283,44.000000;
i141:20812,1,1,0,0,1,420,139,-48.582711,100.500000;
i142:20898,1,1,1,0,1,411,136,-0.000000,143.500000;
i143:20922,1,0,1,0,1,413,133,-9.085461,12.000000;
i144:20999,0,0,1,0,1,419,124,4.833374,50.500000;
i145:21110,1,0,1,0,1,428,116,47.547873,106.000000;
i146:21209,1,1,1,0,1,438,113,8.248653,5.500000;
i147:21231,1,1,0,0,1,436,110,6.645487,16.500000;
i148:21319,0,1,0,0,1,429,101,-12.218206,60.500000;
i149:21430,1,1,0,0,1,418,94,-58.885601,116.000000;
i150:21497,1,1,1,0,1,411,93,-0.000000,149.500000;
i151:21519,1,0,1,0,1,412,90,-8.344206,11.000000;
i152:21619,0,0,1,0,1,420,79,12.003007,61.000000;
i153:21718,1,0,1,0,1,430,73,52.918858,110.500000;
i154:21818,1,1,1,0,1,437,68,9.007685,11.000000;
i155:21841,1,1,0,0,1,435,65,6.555264,22.500000;
i156:21887,0,1,0,0,1,431,60,-2.439297,45.500000;
i157:21999,1,1,0,0,1,421,52,-43.421494,101.500000;
i158:22088,1,1,1,0,1,411,50,-89.272514,146.000000;
i159:22111,1,0,1,0,1,411,48,-7.521274,5.000000;
i160:22223,0,0,1,0,1,421,36,13.386798,61.000000;
i161:23178,0,0,0,0,1,605,91,247.636463,204.500000;
