m:darkness,-1,-5000,-5000,5000,5000,background,39;
p:-39,-97,18,20;
1:-119,-61,723,44,0.000000,0,44,grass,0,0,0,0,1,255,255,255,255,0,0,0,100;
2:52,-126,12,12,0.000000,0,50,None,0,0,0,0,1,255,255,255,255,0,0,0,100;
3:56,-114,5,55,0.000000,0,50,None,0,0,0,0,0,255,51,51,51,0,0,0,100;
4:209,-122,12,12,0.000000,0,50,None,0,0,0,0,1,255,255,255,255,0,0,0,100;
5:213,-111,5,55,0.000000,0,50,None,0,0,0,0,0,255,76,76,76,0,0,0,100;
6:326,-123,12,12,0.000000,0,50,None,0,0,0,0,1,255,255,255,255,0,0,0,100;
7:329,-112,5,55,0.000000,0,50,None,0,0,0,0,0,255,96,96,96,0,0,0,100;
8:423,-146,151,63,0.000000,0,50,stone,0,0,0,0,1,255,255,255,255,0,0,0,100;
9:-119,-17,723,44,0.000000,0,70,grass,0,0,0,38,1,255,255,255,255,0,0,0,100;
10:426,-112,51,52,0.000000,0,50,sawblade,1,0,0,0,1,255,255,255,255,20,0,0,100;
11:529,-110,51,52,0.000000,0,50,sawblade,1,0,0,0,1,255,255,255,255,20,0,0,100;
12:552,-138,22,20,-1.099557,0,50,None,0,0,0,0,1,255,255,255,0,0,0,0,100;
13:420,-99,5,11,0.000000,0,50,None,0,0,0,0,0,255,255,0,0,0,0,0,100;
l1:-83,-263,285,0,0,100,255,255,255,255;
l2:72,-259,285,0,0,100,255,255,255,255;
l3:190,-259,285,0,0,100,255,255,255,255;
l4:500,-184,120,0,0,0,255,255,255,0;
l5:363,-154,120,0,0,100,255,107,0,0;
d0:414,-146,10,62,1,0,30,0;
/