m:death,-1,-5000,-5000,5000,5000,background,137;
p:0,0,18,20;
1:-30,33,292,36,0.000000,0,50,stone,0,0,0,0,1,255,255,255,255,0;
2:-4,41,14,15,0.000000,0,50,None,0,0,0,0,1,255,0,255,255,0;
3:84,44,14,15,0.000000,0,50,None,0,0,0,0,1,255,35,255,255,0;
4:168,45,14,15,0.000000,0,50,None,0,0,0,0,1,255,0,255,255,0;
5:202,12,74,73,0.000000,0,50,sawblade,1,0,0,0,0,255,255,255,255,20;
6:235,82,43,43,0.000000,0,50,sawblade,1,0,0,0,0,255,255,255,255,20;
7:336,-23,15,113,0.000000,0,50,stone,0,0,0,0,1,255,255,255,255,0;
8:317,-23,43,43,0.000000,0,50,sawblade,1,0,0,0,0,255,255,255,255,20;
9:289,90,76,76,0.000000,0,50,sawblade,1,0,0,0,0,255,255,255,255,20;
10:319,48,43,43,0.000000,0,50,sawblade,1,0,0,0,0,255,255,255,255,20;
11:237,178,53,8,0.000000,0,50,stone,0,0,0,0,1,255,255,255,255,0;
l1:-59,-13,125,0,0,40,163,0,255,255;
l2:29,-11,125,0,0,100,255,51,255,255;
l3:113,-10,125,0,0,100,255,91,255,255;
l4:176,-14,125,0,0,127,142,91,0,0;
l5:276,-64,125,0,0,173,132,188,0,0;
l6:278,7,125,0,0,137,122,255,0,0;
l7:263,68,125,0,0,147,117,127,0,0;
l8:193,42,125,0,0,204,153,178,0,0;
k0:211,22,55,57,0;
k1:324,-16,28,32,0;
k2:324,52,33,35,0;
k3:294,97,66,68,0;
k4:240,85,32,36,0;
/