m:desert,-1,-5000,-5000,5000,5000,desert,255,3.580000,0;
p:-30,50,18,20;
1:-45,71,240,51,0.000000,0,50,cobble,0,0,0,0,1,255,255,196,0,0,0,0,100;
2:302,-101,235,433,0.000000,0,50,cobble,0,0,67,0,1,255,255,196,0,0,0,0,100;
3:145,200,17,57,0.000000,0,50,cobble,0,0,0,0,1,255,255,196,0,0,0,0,100;
4:-146,-228,103,351,0.000000,0,50,cobble,0,0,67,0,1,255,255,196,0,0,0,0,100;
5:142,255,161,76,0.000000,0,50,cobble,0,0,0,0,1,255,255,196,0,0,0,0,100;
6:-43,-228,242,210,0.000000,0,50,cobble,0,0,67,0,1,255,255,196,0,0,0,0,100;
7:26,50,75,75,0.000000,0,50,sawblade,1,0,0,0,0,255,255,76,0,16,0,0,100;
8:117,-57,75,75,0.000000,0,50,sawblade,1,0,0,0,0,255,255,76,0,16,0,0,100;
9:132,47,47,48,0.000000,0,50,sawblade,1,0,0,0,0,255,255,76,0,16,0,0,100;
10:266,-98,75,75,0.000000,0,50,sawblade,1,0,0,0,0,255,255,76,0,16,0,0,100;
11:183,-53,42,43,0.000000,0,50,sawblade,1,0,0,0,0,255,255,76,0,16,0,0,100;
12:301,213,140,21,0.000000,0,50,stone,0,0,0,0,1,255,255,255,255,0,180,138,1012;
13:299,188,12,68,0.000000,0,50,stone,0,0,0,0,0,255,255,116,0,0,0,0,100;
14:301,195,7,5,0.000000,0,50,None,0,0,0,0,1,255,127,0,0,0,0,0,100;
15:302,245,7,5,0.000000,0,50,None,0,0,0,0,1,255,127,0,0,0,0,0,100;
16:144,225,75,75,0.000000,0,50,sawblade,1,0,0,0,0,255,255,76,0,16,0,0,100;
17:206,242,75,75,0.000000,0,50,sawblade,1,0,0,0,0,255,255,76,0,16,0,0,100;
18:263,230,41,39,0.000000,0,50,sawblade,1,0,0,0,0,255,255,76,0,16,0,0,100;
19:144,292,37,36,0.000000,0,50,sawblade,1,0,0,0,0,255,255,76,0,16,0,0,100;
20:74,256,71,78,0.824667,0,50,cobble,0,0,0,0,1,255,255,196,0,0,0,0,100;
l1:265,157,78,0,0,183,255,171,0,0;
l2:268,209,78,0,0,183,255,171,0,0;
k0:37,58,55,25,0;
k1:126,-17,60,27,4;
k2:138,55,35,34,0;
k3:162,229,50,25,0;
k4:211,243,53,13,0;
k5:266,234,36,19,0;
/