m:level 3,8418,-10000,-10000,10000,10000;
p:0,0,18,18,20;
1:-4,27,26,183,0.000000,f,50,1,f,f,0;
2:111,31,18,182,0.000000,f,50,1,f,f,0;
3:215,32,16,177,0.000000,f,50,1,f,f,0;
4:328,90,144,263,0.000000,f,50,1,f,f,0;
5:335,22,138,205,0.000000,f,50,1,f,f,0;
6:321,-219,232,160,0.000000,f,50,1,f,f,0;
7:526,3,143,115,0.000000,f,50,1,f,f,0;
8:530,-155,1111,101,0.000000,f,50,1,f,f,0;
9:666,2,101,126,-0.420000,f,50,1,f,f,0;
10:468,206,237,162,0.190000,f,50,1,f,f,0;
11:752,175,90,15,0.000000,f,50,1,f,f,0;
12:829,51,16,10,0.000000,f,50,1,f,f,0;
13:944,50,13,12,0.000000,f,50,1,f,f,0;
14:1034,43,14,37,0.000000,f,50,1,f,f,0;
15:1094,18,231,106,-0.220000,t,50,1,f,f,0;
16:902,177,100,33,-1.570795,f,50,1,f,f,0;
17:1052,215,237,81,0.000000,f,50,1,f,f,0;
18:1106,286,149,87,0.000000,f,50,1,f,f,0;
19:653,215,67,170,0.000000,f,50,1,f,f,0;
20:1315,198,211,136,0.370000,f,50,1,f,f,0;
21:1320,18,187,73,0.000000,f,50,1,f,f,0;
22:1490,2,42,82,0.000000,f,50,1,f,f,0;
23:1523,142,25,25,0.000000,f,50,1,f,f,0;
24:1527,44,25,59,0.000000,f,50,1,f,f,0;
25:1546,151,93,131,0.620000,f,50,1,f,f,0;
26:1691,67,72,25,0.000000,f,50,6,f,f,2;
27:1596,-210,243,128,0.000000,f,50,1,f,f,0;
/
i0:0,0,0,1,0,1,0,0,6.248442,4.000000;
i1:89,0,0,0,0,1,3,2,61.117197,47.000000;
i2:208,0,0,1,0,1,9,7,45.425530,1.500000;
i3:236,1,0,1,0,1,10,6,63.743938,2.000000;
i4:434,0,0,1,0,1,33,-12,154.021777,101.000000;
i5:809,0,0,0,0,1,108,4,226.095747,288.500000;
i6:853,1,0,0,0,1,117,10,198.174181,310.500000;
i7:887,1,0,1,0,1,123,6,182.144995,15.000000;
i8:1033,0,0,1,0,1,152,-7,211.668115,88.000000;
i9:1140,0,0,0,0,1,176,-11,222.602521,142.000000;
i10:1404,1,0,0,0,1,216,4,101.545392,273.000000;
i11:1433,1,0,1,0,1,219,7,95.474383,287.500000;
i12:1690,0,0,1,0,1,257,-8,186.808830,114.000000;
i13:2387,1,0,1,0,1,419,1,255.783589,1.500000;
i14:2656,0,0,1,0,1,489,-20,261.200803,136.500000;
i15:2907,1,0,1,0,1,555,-17,263.508401,2.000000;
i16:3062,0,0,1,0,1,596,-34,264.260313,79.000000;
i17:3305,0,0,0,0,1,660,-36,261.772619,201.000000;
i18:3312,0,1,0,0,1,662,-36,253.178488,204.500000;
i19:3424,0,0,0,0,1,681,-26,108.478761,260.500000;
i20:3469,0,0,1,0,1,686,-21,97.959707,283.000000;
i21:3599,1,0,1,0,1,702,0,151.676584,347.500000;
i22:3804,0,0,1,0,1,740,-9,203.933875,82.500000;
i23:3902,0,0,0,0,1,760,-13,216.370772,131.500000;
i24:4155,0,0,1,0,1,798,-1,104.561895,258.000000;
i25:4193,1,0,1,0,1,803,2,122.285518,277.500000;
i26:4496,0,0,1,0,1,855,15,207.056092,68.000000;
i27:4870,1,0,1,0,1,941,20,246.351740,255.500000;
i28:5084,0,0,1,0,1,995,54,255.430065,362.500000;
i29:5106,0,0,0,0,1,1001,59,252.914183,373.500000;
i30:5170,0,1,0,0,1,1015,74,205.626948,405.500000;
i31:5294,0,0,0,0,1,1028,110,62.577093,467.000000;
i32:5336,0,0,1,0,1,1031,124,58.175614,488.500000;
i33:6295,1,0,1,0,1,1221,194,253.764079,2.000000;
i34:6556,0,0,1,0,1,1287,173,260.146930,132.000000;
i35:7186,1,0,1,0,1,1453,142,264.673375,2.000000;
i36:7378,0,0,1,0,1,1504,123,265.046835,97.500000;
i37:7523,1,0,1,0,1,1542,120,265.157290,170.500000;
i38:8027,0,0,1,0,1,1676,33,265.464986,85.500000;
i39:8034,0,1,1,0,1,1678,33,259.140858,89.500000;
i40:8041,0,1,0,0,1,1679,32,248.251144,93.000000;
i41:8163,0,0,0,0,1,1699,29,94.123255,154.000000;
