m:level 2,5370,-10000,-10000,10000,10000;
p:0,0,18,18,20;
1:-21,42,195,36,0.000000,f,50,1,f,f,0;
2:-77,-120,59,197,0.000000,f,50,1,f,f,0;
3:340,-148,82,663,0.000000,t,50,1,f,f,0;
4:120,76,50,531,0.000000,f,50,1,f,f,0;
5:153,115,85,37,-0.390000,f,50,1,f,f,0;
6:305,152,38,44,0.290000,f,50,1,f,f,0;
7:119,234,71,76,-0.160000,f,50,1,f,f,0;
8:260,228,27,69,-0.140000,f,50,1,f,f,0;
9:289,354,58,37,0.450000,f,50,1,f,f,0;
10:164,386,82,41,-0.390000,f,50,1,f,f,0;
11:170,565,195,106,0.000000,f,50,1,f,f,0;
12:247,469,59,30,0.000000,f,50,1,f,f,0;
13:358,565,125,50,0.000000,f,50,1,f,f,0;
14:233,232,27,65,-0.090000,t,50,1,f,f,0;
15:163,516,165,98,-0.520000,f,50,1,f,f,0;
16:420,444,270,59,0.000000,f,50,1,f,f,0;
17:479,565,101,86,-0.540000,f,50,1,f,f,0;
18:577,556,123,94,-0.530000,t,50,1,f,f,0;
19:679,476,78,170,0.000000,f,50,1,f,f,0;
20:550,559,60,16,0.000000,f,50,6,f,f,2;
/
i0:0,0,0,1,0,1,0,0,2.378527,1.500000;
i1:364,0,0,0,0,1,38,22,174.866059,1.500000;
i2:376,0,1,0,0,1,40,22,167.607155,1.000000;
i3:464,0,0,0,0,1,50,22,68.607017,1.500000;
i4:478,0,0,1,0,1,51,22,67.576950,1.000000;
i5:525,1,0,1,0,1,55,21,94.128064,1.500000;
i6:670,0,0,1,0,1,73,5,154.616381,74.000000;
i7:1216,0,0,0,0,1,189,23,240.979528,32.000000;
i8:1287,0,1,0,0,1,204,26,193.014045,67.000000;
i9:1380,0,0,0,0,1,216,35,83.819323,113.500000;
i10:1567,0,0,1,0,1,228,65,50.247217,207.000000;
i11:1684,0,0,0,0,1,238,92,111.567659,265.500000;
i12:1727,0,1,0,0,1,243,104,95.704538,287.000000;
i13:2136,0,0,0,0,1,219,218,-157.643861,51.500000;
i14:2227,0,0,1,0,1,206,220,-118.437769,36.500000;
i15:2549,0,0,0,0,1,214,259,116.193846,199.000000;
i16:2659,0,0,1,0,1,215,284,86.125299,253.500000;
i17:2951,0,0,0,0,1,253,379,187.526307,399.000000;
i18:2979,0,1,0,0,1,258,391,168.760463,413.500000;
i19:3124,0,0,0,0,1,270,449,19.721225,1.500000;
i20:3154,0,0,1,0,1,270,449,20.404678,1.500000;
i21:3469,0,1,1,0,1,304,449,165.383461,1.500000;
i22:3495,0,1,0,0,1,308,449,133.101365,10.000000;
i23:3642,0,0,0,0,1,316,456,-6.435912,84.500000;
i24:3860,0,0,1,0,1,315,486,-0.197709,193.000000;
i25:4302,0,0,0,0,1,368,545,191.640121,2.000000;
i26:4607,0,0,1,0,1,406,545,80.565668,2.500000;
i27:4819,1,0,1,0,1,433,544,166.978860,1.500000;
i28:5100,0,0,1,0,1,489,522,223.104066,142.000000;
i29:5297,0,0,0,0,1,535,531,239.692503,240.500000;
i30:5303,0,1,0,0,1,537,531,233.044137,243.500000;
