m:level 1,15437,-5000,-5000,5000,5000,background2,142;
p:0,0,18,20;
0:-201,314,325,0,0.000000,t,255,None,t,255,0,0;
1:-42,35,375,66,0.000000,f,50,stone,f,0,0,0;
2:390,35,113,220,0.000000,f,50,stone,f,0,0,0;
3:589,39,113,220,0.000000,f,50,stone,f,0,0,0;
4:793,15,42,294,-0.196349,t,50,stone,f,0,0,0;
5:835,16,216,353,0.000000,t,50,stone,f,0,0,0;
6:1200,-210,106,676,0.000000,t,50,cobble,f,0,0,0;
7:1057,465,239,51,0.000000,f,50,stone,f,0,0,0;
8:887,472,70,15,0.000000,f,50,stone,f,0,0,0;
9:1059,461,27,7,0.000000,f,30,Bcheck,f,2,0,17;
10:754,470,70,15,0.000000,f,50,stone,f,0,0,0;
11:669,419,11,106,0.000000,f,50,stone,f,0,0,0;
12:710,371,13,109,0.000000,f,50,stone,f,0,0,0;
13:675,521,16,14,0.000000,f,50,stone,f,0,0,0;
14:508,420,160,45,-0.746128,t,50,cobble,f,0,0,0;
15:430,469,33,35,0.000000,f,50,wood,t,0,0,0;
16:334,465,33,35,0.000000,f,50,wood,t,0,0,0;
17:-81,522,348,51,0.000000,f,52,grass,f,0,0,0;
18:163,515,55,11,0.000000,f,30,Bcheck,f,2,0,7;
19:-2,491,33,35,0.000000,f,50,wood,t,0,0,0;
20:29,505,21,21,0.000000,f,40,wood,f,0,0,0;
21:1048,109,67,11,0.000000,f,50,stone,f,0,0,0;
22:1105,186,67,11,0.000000,f,50,stone,f,0,0,0;
23:1133,237,68,54,-1.570795,t,50,cobble,f,0,0,0;
24:1028,297,148,69,-1.570795,f,50,cobble,f,0,0,0;
25:1147,288,78,19,0.000000,f,50,cobble,f,0,0,0;
26:-67,518,33,12,0.000000,f,30,check,f,1,0,18;
27:754,467,13,109,0.000000,f,50,stone,f,0,0,0;
l1:-139,-152,325,0,0,100,255,255,255,255;
l2:-13,-164,325,0,0,100,255,255,255,255;
l3:99,-145,325,0,0,100,255,255,255,255;
l4:192,-138,325,0,0,100,255,255,255,255;
l5:269,-154,325,0,0,100,255,255,255,255;
l6:359,-164,325,0,0,100,255,255,255,255;
l7:441,-146,325,0,0,100,255,255,255,255;
l8:527,-151,325,0,0,100,255,255,255,255;
l9:660,-147,325,0,0,100,255,255,255,255;
l10:764,-147,325,0,0,100,255,255,255,255;
l11:875,-140,325,0,0,100,255,255,255,255;
l12:968,-5,325,0,0,100,255,255,255,255;
l13:920,192,325,0,0,100,255,255,255,255;
l14:656,268,325,0,0,100,255,255,255,255;
l15:798,256,325,0,0,100,255,255,255,255;
l16:886,248,325,0,0,100,255,255,255,255;
l17:442,226,325,0,0,100,255,255,255,255;
l18:24,308,325,0,0,100,255,255,255,255;
l19:283,345,325,0,0,100,255,255,255,255;
l20:-201,314,325,0,0,100,255,255,255,255;
/
i0:0,0,0,1,0,1,0,0,11.114182,7.500000;
i1:1458,1,0,1,0,1,299,12,261.603470,7.500000;
i2:1517,0,0,1,0,1,314,5,260.213670,37.000000;
i3:2092,1,0,1,0,1,462,12,255.464396,7.500000;
i4:2179,0,0,1,0,1,484,2,254.870819,52.000000;
i5:2673,1,0,1,0,1,609,16,252.979080,298.000000;
i6:2833,0,0,1,0,1,649,3,252.382264,72.000000;
i7:2907,0,0,0,0,1,668,0,239.934371,110.500000;
i8:3926,0,0,1,0,1,743,221,22.515235,619.000000;
i9:4482,1,0,1,0,1,822,448,211.642622,5.500000;
i10:4545,0,0,1,0,1,836,440,219.080405,38.000000;
i11:4854,0,0,0,0,1,907,431,228.616813,193.000000;
i12:4882,0,1,0,0,1,917,434,165.785866,220.500000;
i13:4976,0,0,0,0,1,925,440,99.872523,254.000000;
i14:5003,0,0,1,0,1,928,443,102.951075,268.000000;
i15:5183,1,0,1,0,1,953,449,165.390021,7.000000;
i16:5271,0,0,1,0,1,969,439,186.406026,53.000000;
i17:5614,0,1,1,0,1,1041,436,208.240318,222.500000;
i18:5643,0,1,0,0,1,1046,438,171.105696,236.500000;
c0:5669;
i19:5853,1,1,0,0,1,1058,439,-27.216122,6.500000;
i20:6336,0,1,0,0,1,992,429,-200.513667,248.500000;
i21:6651,1,1,0,0,1,922,450,-237.094838,6.500000;
i22:6749,0,1,0,0,1,898,438,-241.254777,56.500000;
i23:7196,1,1,0,0,1,788,448,-250.257717,279.500000;
i24:7264,1,0,0,0,1,771,442,-240.889205,26.500000;
i25:7293,1,0,1,0,1,765,439,-211.817356,40.500000;
i26:7319,0,0,1,0,1,760,437,-176.935034,53.500000;
i27:7370,0,0,0,0,1,753,432,-124.849054,80.000000;
i28:7535,0,0,1,0,1,737,428,-66.925452,161.500000;
i29:7624,0,0,0,0,1,735,432,-1.549285,206.500000;
i30:7798,0,0,1,0,1,735,449,7.320424,292.000000;
i31:7935,0,0,0,0,1,736,467,0.000000,250.000000;
i32:8103,0,0,1,0,1,736,492,10.404359,334.500000;
i33:8331,1,0,1,0,1,736,517,8.971614,0.000000;
i34:8357,1,1,1,0,1,733,513,0.100408,5.500000;
i35:8380,1,1,0,0,1,731,510,-1.001461,18.000000;
i36:8473,0,1,0,0,1,723,500,-12.032966,64.500000;
i37:8762,1,1,0,0,1,696,497,-93.023245,208.500000;
i38:9407,1,1,1,0,1,692,434,-4.089604,0.000000;
i39:9423,1,0,1,0,1,690,431,0.475837,0.000000;
i40:9582,1,0,0,0,1,678,414,0.000000,0.000000;
i41:9599,1,1,0,0,1,681,412,-0.425708,0.000000;
i42:9699,0,1,0,0,1,689,400,-8.652875,50.000000;
i43:10239,1,1,0,0,1,692,416,-11.114182,0.000000;
i44:10377,0,1,0,0,1,679,400,-12.969597,66.000000;
i45:11164,1,1,0,0,1,561,417,-219.927814,68.000000;
i46:11279,0,1,0,0,1,534,407,-231.039216,46.500000;
i47:11304,0,0,0,0,1,528,405,-222.996933,59.000000;
i48:11726,0,1,0,0,1,475,412,-72.149525,269.500000;
i49:11927,1,1,0,0,1,450,447,-154.472193,370.000000;
i50:12068,0,1,0,0,1,426,434,-188.817912,64.500000;
i51:12242,0,0,0,0,1,389,427,-203.167214,154.000000;
i52:12285,0,1,0,0,1,380,428,-192.067895,178.500000;
i53:12566,1,1,0,0,1,322,442,-228.592811,7.000000;
i54:12676,0,1,0,0,1,296,430,-235.494022,61.500000;
i55:12905,0,0,0,0,1,240,424,-230.499007,179.000000;
i56:12959,0,0,1,0,1,230,426,-191.254468,202.500000;
i57:13029,0,0,0,0,1,220,431,-115.965570,237.500000;
i58:13082,0,1,0,0,1,215,437,-107.912200,264.000000;
i59:13344,1,1,0,0,1,174,485,-186.656033,395.500000;
c1:13382;
i60:13536,0,1,0,0,1,135,478,-216.138620,75.500000;
i61:13829,0,0,0,0,1,67,479,-227.775735,223.000000;
i62:13872,0,0,1,0,1,59,482,-191.156291,244.000000;
i63:13908,1,0,1,0,1,53,486,-146.825131,261.500000;
i64:13988,1,0,0,0,1,53,489,12.519086,14.000000;
i65:14036,1,1,0,0,1,58,483,8.989298,39.500000;
i66:14088,0,1,0,0,1,62,478,-0.949707,66.500000;
i67:14490,0,0,0,0,1,52,486,-122.459293,266.000000;
i68:14580,1,0,0,0,1,44,483,-94.080823,6.000000;
i69:14738,1,1,0,0,1,34,467,-67.577113,85.000000;
i70:14804,0,1,0,0,1,29,464,-101.390126,118.500000;
i71:15169,0,0,0,0,1,-27,471,-194.905553,27.500000;
i72:15201,0,0,1,0,1,-33,473,-167.587533,44.000000;
i73:15342,0,0,0,0,1,-45,484,-31.307592,115.000000;
