m:lots of checkpoints,1298,-5000,-5000,5000,5000,background,255,2.000000;
p:-214,-72,18,20;
1:-148,-33,25,25,0.000000,0,50,Bcheck,0,2,0,0,1,255,255,255,255,0,0,0,255;
2:-172,-33,25,25,0.000000,0,50,stone,0,0,0,0,1,255,255,255,255,0,0,0,100;
3:-125,-33,25,25,0.000000,0,50,stone,0,0,0,0,1,255,255,255,255,0,0,0,100;
4:-100,-33,25,25,0.000000,0,50,Bcheck,0,2,0,0,1,255,255,255,255,0,0,0,255;
5:-225,-52,53,45,-0.471239,0,50,stone,0,0,0,0,1,255,255,255,255,0,0,0,100;
6:-76,-32,25,25,0.000000,0,50,stone,0,0,0,0,1,255,255,255,255,0,0,0,100;
7:-52,-32,25,25,0.000000,0,50,Bcheck,0,2,0,0,1,255,255,255,255,0,0,0,255;
8:-29,-32,62,25,0.000000,0,50,stone,0,0,0,0,1,255,255,255,255,0,0,0,100;
9:31,-31,25,25,0.000000,0,50,check,0,1,0,0,1,255,255,255,255,0,0,0,255;
/
i0:0,0,0,1,0,1,-213,-71,10.404359,7.000000;
c0:420;
c1:736;
c2:938;
