m:nodes and shit,-1,-5000,-5000,5000,5000,background,255,2.000000,60000,0;
p:-1,45,18,20;
1:-116,65,307,88,0.000000,0,50,stone,0,0,0,0,1,255,255,255,255,0,-1,0;
2:156,-143,12,113,0.000000,0,50,stone,0,0,0,0,1,255,255,255,255,0,-1,0;
3:167,-33,21,100,0.000000,0,50,wood,0,0,0,0,1,255,255,255,255,0,0,0;
4:188,-142,13,112,0.000000,0,50,stone,0,0,0,0,1,255,255,255,255,0,-1,0;
5:168,-142,20,109,0.000000,0,100,startTile,0,0,0,0,1,102,255,255,255,0,-1,0;
6:154,-167,49,26,0.000000,0,50,stone,0,0,0,0,1,255,255,255,255,0,-1,0;
7:-223,68,65,25,0.000000,0,50,stone,0,0,0,0,1,255,255,255,255,0,1,0;
t1:78,-59,59,124,0,0,0,100,3,0,0,0;
t2:78,-59,62,124,0,0,0,0,3,0,1000,0;
t3:-223,58,63,26,0,255,1,54,7,0,82,0;
n0:0,165,4,165,-110;
n1:0,-203,68,-203,-76;
/