m:pilot,10495,-500,-570,500,570,desert,255,3.580000,60000,0;
p:-162,287,18,20;
1:-500,312,1001,50,0.000000,0,50,upperSand,0,0,0,0,1,255,255,255,255,0,0,0,100;
2:-501,362,1001,207,0.000000,0,50,sand,0,0,0,0,1,255,255,255,255,0,0,0,100;
3:-503,-39,161,355,0.000000,0,50,sand,0,0,0,0,1,255,255,255,255,0,0,0,100;
4:-250,266,59,49,-1.570795,0,50,sand,0,0,0,0,1,255,255,255,255,0,0,0,100;
5:-342,157,95,74,-1.570795,0,50,sand,0,0,0,0,1,255,255,255,255,0,0,0,100;
6:-342,229,96,86,0.000000,0,50,sand,0,0,0,0,1,255,255,255,255,0,0,0,100;
7:-504,-166,159,133,-1.570795,0,50,sand,0,0,0,0,1,255,255,255,255,0,0,0,100;
8:257,-35,172,61,-1.570795,1,50,sand,0,0,0,0,1,255,255,255,255,0,0,0,100;
9:141,244,289,28,0.000000,0,50,cobble,0,0,0,0,1,255,255,255,255,0,0,0,100;
10:429,-46,75,358,0.000000,0,50,sand,0,0,0,0,1,255,255,255,255,0,0,0,100;
11:429,-176,75,130,-1.570795,1,50,sand,0,0,0,0,1,255,255,255,255,0,0,0,100;
12:105,276,36,36,0.000000,0,35,crate,1,0,0,0,1,255,255,255,255,0,0,0,100;
13:81,287,24,25,0.000000,0,35,crate,1,0,0,0,1,255,255,255,255,0,0,0,100;
14:117,253,24,23,0.000000,0,35,crate,1,0,0,0,1,255,255,255,255,0,0,0,100;
15:67,298,14,14,0.000000,0,35,crate,1,0,0,0,1,255,255,255,255,0,0,0,100;
16:44,299,23,13,-1.570795,1,18,sand,0,0,0,0,1,255,255,255,255,0,0,0,100;
17:140,272,290,40,0.000000,0,50,sand,0,0,0,0,1,255,131,94,98,0,0,0,100;
18:-195,138,92,17,0.000000,0,50,sand,0,0,0,0,1,255,255,255,255,0,0,0,100;
19:170,25,259,220,0.000000,0,50,cobble,0,0,0,0,0,255,255,127,0,0,0,0,100;
20:141,188,30,56,-1.570795,1,50,cobble,0,0,0,0,0,255,255,127,0,0,0,0,100;
21:211,171,5,25,0.000000,0,50,stone,0,0,0,0,0,255,255,255,255,0,0,0,100;
22:211,194,5,5,0.000000,0,50,None,0,0,0,0,0,255,134,0,0,0,0,0,100;
23:300,171,5,25,0.000000,0,50,stone,0,0,0,0,0,255,255,255,255,0,0,0,100;
24:300,194,5,5,0.000000,0,50,None,0,0,0,0,0,255,134,0,0,0,0,0,100;
25:167,137,168,37,0.000000,0,50,cobble,0,0,0,0,1,255,255,255,255,0,0,0,100;
26:167,25,261,37,0.000000,0,50,cobble,0,0,0,0,1,255,255,255,255,0,0,0,100;
27:379,62,50,184,0.000000,0,50,cobble,0,0,88,0,1,250,255,255,255,0,0,0,100;
28:259,84,5,5,0.000000,0,50,None,0,0,0,0,0,255,134,0,0,0,0,0,100;
29:259,59,5,25,0.000000,0,50,stone,0,0,0,0,0,255,255,255,255,0,0,0,100;
30:117,25,50,37,-1.570795,1,50,cobble,0,0,0,0,1,255,255,255,255,0,0,0,100;
31:118,137,50,37,-1.570795,1,50,cobble,0,0,0,0,1,255,255,255,255,0,0,0,100;
32:-31,146,92,17,0.000000,0,50,sand,0,0,0,0,1,255,255,255,255,0,0,0,100;
33:-226,124,31,31,-0.471239,0,50,sand,0,0,0,0,1,255,255,255,255,0,0,0,100;
34:-281,-9,13,125,0.000000,0,50,stone,0,0,0,0,1,255,255,255,255,0,0,0,100;
35:-342,11,64,11,0.000000,0,22,wood,0,0,0,0,0,255,255,255,255,0,0,0,100;
36:-342,51,64,11,0.000000,0,22,wood,0,0,0,0,0,255,255,255,255,0,0,0,100;
37:-342,89,64,11,0.000000,0,22,wood,0,0,0,0,0,255,255,255,255,0,0,0,100;
38:-358,2,25,25,0.000000,0,50,sawblade,1,0,0,0,0,255,255,163,14,13,0,0,100;
39:-358,44,25,25,0.000000,0,50,sawblade,1,0,0,0,0,255,255,163,14,13,0,0,100;
40:-358,82,25,25,0.000000,0,50,sawblade,1,0,0,0,0,255,255,163,14,13,0,0,100;
41:-226,12,12,57,0.000000,0,50,stone,0,0,0,0,1,255,255,255,255,0,0,0,100;
42:-214,13,92,17,0.000000,0,50,sand,0,0,0,0,1,255,255,255,255,0,0,0,100;
43:-281,-22,13,13,-1.531525,0,50,stone,0,0,0,0,1,255,255,255,255,0,0,0,100;
44:-98,269,45,44,0.000000,0,50,cactus,0,0,0,0,0,255,123,185,69,0,0,0,100;
45:-174,-10,5,26,0.000000,0,50,stone,0,0,0,0,0,255,255,255,255,0,0,0,100;
46:-176,-17,9,8,0.000000,0,50,None,0,0,0,0,0,255,255,255,255,0,0,0,100;
47:193,-28,24,38,0.000000,0,50,check,0,1,0,0,0,0,255,255,255,0,0,0,255;
48:190,-31,28,29,0.000000,0,29,gem,0,0,0,0,0,255,255,255,255,0,90,12,632;
49:-4,18,92,17,0.000000,0,50,sand,0,0,0,0,1,255,255,255,255,0,0,0,100;
50:-61,292,25,23,0.000000,0,24,cactus,0,0,0,0,0,255,156,189,120,0,0,0,100;
51:-168,117,24,21,0.000000,0,24,cactus,0,0,0,0,0,255,156,189,120,0,0,0,100;
52:19,-1,24,21,0.000000,0,24,cactus,0,0,0,0,0,255,156,189,120,0,0,0,100;
l1:173,158,79,0,0,100,255,255,0,0;
l2:265,159,79,0,0,168,255,255,40,21;
l3:222,48,79,0,0,168,255,255,40,21;
l4:-211,-51,79,0,0,168,255,255,255,255;
l5:165,-56,79,0,0,168,255,255,61,36;
d0:-254,234,56,81,0,1,420,0;
d1:-350,86,75,152,0,1,420,0;
d2:326,-60,104,87,2,1,390,0;
/
i0:17,0,0,1,0,0,-161,287,7.674057,8.500000;
i1:68,0,0,1,0,1,-160,288,28.484590,34.000000;
i2:949,1,0,1,0,1,-4,292,244.460535,0.000000;
i3:1111,0,0,1,0,1,35,274,247.622108,81.000000;
i4:1259,1,0,1,0,1,72,267,249.039451,0.000000;
i5:1424,0,0,1,0,1,99,248,0.000000,82.500000;
i6:1530,1,0,1,0,1,99,244,0.000000,135.500000;
i7:1711,0,0,1,0,1,90,226,46.077989,90.500000;
i8:1903,1,0,1,0,1,99,225,129.725767,186.500000;
i9:2125,0,0,1,0,1,131,220,189.174254,51.000000;
i10:2896,1,0,1,0,1,303,224,253.567811,0.000000;
i11:3052,0,0,1,0,1,343,207,253.355618,78.000000;
i12:3140,1,0,1,0,1,361,203,0.000000,122.000000;
i13:3316,0,0,1,0,1,351,185,43.885838,88.000000;
i14:3420,1,0,1,0,1,354,182,91.476969,140.000000;
i15:3579,1,0,0,0,1,356,177,15.293229,27.500000;
i16:3613,1,1,0,0,1,354,173,13.812242,44.500000;
i17:3650,0,1,0,0,1,352,169,2.014263,63.000000;
i18:3754,1,1,0,0,1,343,164,-44.484464,115.000000;
i19:3844,1,0,0,0,1,335,163,-0.000000,160.000000;
i20:3861,1,0,1,0,1,336,160,0.000000,8.500000;
i21:3951,0,0,1,0,1,344,150,13.339337,53.500000;
i22:4057,1,0,1,0,1,354,143,52.331410,106.500000;
i23:4167,1,0,0,0,1,357,135,14.449674,26.000000;
i24:4185,1,1,0,0,1,355,133,13.691137,35.000000;
i25:4223,0,1,0,0,1,353,129,3.475952,54.000000;
i26:5240,1,1,0,0,1,162,117,-246.536118,0.000000;
i27:5349,0,1,0,0,1,134,104,-248.458703,54.500000;
i28:6036,1,1,0,0,1,-38,126,-256.135393,0.000000;
i29:6155,0,1,0,0,1,-68,112,-255.388873,59.500000;
i30:6796,1,1,0,0,1,-232,105,-258.858666,0.000000;
i31:6934,0,1,0,0,1,-267,90,-256.978298,69.000000;
i32:7036,1,1,0,0,1,-268,85,-0.000000,120.000000;
i33:7173,0,1,0,0,1,-259,70,-30.527497,68.500000;
i34:7327,1,1,0,0,1,-261,64,-96.752426,145.500000;
i35:7495,1,1,1,0,1,-262,55,-18.315025,41.500000;
i36:7528,1,0,1,0,1,-260,52,-25.138627,58.000000;
i37:7564,0,0,1,0,1,-258,49,-9.670656,76.000000;
i38:7697,1,0,1,0,1,-247,44,63.355141,142.500000;
i39:7765,1,1,1,0,1,-245,42,13.217693,9.000000;
i40:7798,1,1,0,0,1,-248,38,9.601867,25.500000;
i41:7848,0,1,0,0,1,-251,32,-1.124949,50.500000;
i42:7975,1,1,0,0,1,-262,24,-51.624503,114.000000;
i43:8058,1,0,0,0,1,-265,19,-11.413753,16.000000;
i44:8074,1,0,1,0,1,-264,17,-10.879576,24.000000;
i45:8140,0,0,1,0,1,-259,10,4.712930,57.000000;
i46:8256,1,0,1,0,1,-248,3,53.289098,115.000000;
i47:8402,0,0,1,0,1,-250,-9,20.742999,49.000000;
i48:9190,1,0,1,0,1,-152,-7,232.421563,0.000000;
i49:9366,0,0,1,0,1,-111,-24,241.110393,88.000000;
i50:10104,1,0,1,0,1,71,-2,258.375948,0.000000;
i51:10250,0,0,1,0,1,108,-17,256.680716,73.000000;
