m:showcase level,-1,-5000,-5000,5000,5000,background,255,2.000000,60000,0;
p:0,0,18,20;
1:-63,37,1012,95,0.000000,0,50,stone,0,0,0,0,1,255,255,255,255,0,-1,0;
2:-202,37,140,102,-1.570795,1,50,stone,0,0,0,0,1,255,255,255,255,0,-1,0;
3:108,-83,25,26,0.000000,0,50,stone,0,0,0,0,1,255,255,255,255,0,0,50;
4:796,-177,26,166,0.000000,0,50,stone,0,0,0,0,1,255,255,255,255,0,-1,0;
5:918,-96,27,96,0.000000,0,50,stone,0,0,0,0,1,255,255,255,255,0,-1,0;
6:945,-95,291,26,0.000000,0,50,stone,0,0,0,0,1,255,255,255,255,0,-1,0;
7:848,-1,41,11,0.000000,0,50,stone,0,0,0,0,1,255,255,255,255,0,-1,0;
8:1013,-177,15,85,0.000000,0,50,wood,0,0,17,0,1,255,255,255,255,0,4,0;
9:1002,-249,12,74,0.000000,0,50,stone,0,0,0,0,1,255,255,255,255,0,-1,0;
10:1028,-248,12,74,0.000000,0,50,stone,0,0,0,0,1,255,255,255,255,0,-1,0;
11:1115,-245,87,85,0.000000,0,50,sawblade,1,0,0,0,1,255,255,255,255,13,-1,0;
12:1117,-104,62,17,0.000000,0,50,Bcheck,0,2,0,0,1,255,255,255,255,0,-1,0;
13:1293,-91,98,13,0.000000,0,50,stone,0,0,0,0,1,255,255,255,255,0,-1,0;
14:1314,-165,18,20,0.000000,0,50,None,0,0,0,0,1,255,255,0,0,0,5,0;
15:1293,-177,93,38,0.000000,0,50,stone,0,0,0,0,0,255,255,255,0,0,-1,0;
16:1349,-165,18,20,0.000000,0,50,None,0,0,0,0,1,255,0,255,0,0,6,0;
17:1418,-85,64,17,0.000000,0,50,check,0,1,0,0,1,255,255,255,255,0,-1,0;
t1:961,-218,24,123,0,80,-1,90,8,0,0,0;
t2:961,-218,26,125,0,80,-1,0,8,0,1000,0;
t3:1286,-114,111,23,0,89,6,0,14,0,1000,0;
t4:1286,-114,114,22,0,55,5,0,16,0,1000,0;
l1:601,-133,100,0,0,249,255,255,255,255,3,50;
d0:459,-89,25,25,0,0,50,255,2,50;
d1:821,-83,97,84,1,1,930,63,-1,0;
k0:287,-83,25,25,255,1,50;
k1:1235,-50,111,25,255,-1,0;
n0:1,108,-83,159,-30,54,-29;
n1:1,287,-83,346,-34,228,-34;
n2:1,459,-89,519,-33,403,-33;
n3:1,639,-95,691,-33,582,-35;
n4:0,1008,-147,1008,-268;
n5:0,1310,-168;
n6:0,1345,-167;
/