m:spikes,-1,-810,-570,810,570,desert,255,3.690000,60000,0;
p:-568,263,18,20;
1:-681,284,641,35,0.000000,0,66,upperSand,0,0,0,0,1,255,255,255,255,0,0,0;
2:-680,317,669,262,0.000000,0,73,sand,0,0,0,0,1,255,255,255,255,0,0,0;
3:-357,251,34,34,0.000000,0,50,crate,1,0,0,0,1,255,255,255,255,0,0,0;
4:-813,489,135,80,0.000000,1,73,sand,0,0,0,0,1,255,255,255,255,0,0,0;
5:-814,129,134,357,0.000000,0,73,cobble,0,0,0,0,0,255,255,233,0,0,0,0;
6:-814,310,134,184,-1.256636,1,73,sand,0,0,0,0,1,255,255,255,255,0,0,0;
7:-813,-63,134,201,-0.628318,0,50,sand,0,0,0,0,1,255,255,255,255,0,0,0;
8:-382,260,25,24,0.000000,0,50,crate,1,0,0,0,1,255,255,255,255,0,0,0;
9:-228,251,34,34,0.000000,0,50,crate,1,0,0,0,1,255,255,255,255,0,0,0;
10:-323,266,95,18,0.000000,0,19,spike,0,0,0,0,0,255,255,255,255,0,0,0;
11:-40,285,29,33,-1.570795,0,68,upperSand,0,0,0,0,1,255,255,255,255,0,0,0;
12:-11,361,94,213,-0.353429,0,50,stone,0,0,0,0,0,255,207,171,174,0,0,0;
13:82,331,729,263,0.000000,0,73,sand,0,0,0,0,1,255,255,255,255,0,0,0;
14:110,297,701,36,0.000000,0,66,upperSand,0,0,0,0,1,255,255,255,255,0,0,0;
15:82,298,29,33,-1.570795,1,68,upperSand,0,0,0,0,1,255,255,255,255,0,0,0;
16:-12,503,95,67,0.000000,0,50,cobble,0,0,0,0,1,255,255,255,255,0,0,0;
17:-12,485,95,18,0.000000,0,19,spike,0,0,0,0,0,255,255,255,255,0,0,0;
18:423,272,389,26,0.000000,0,50,stone,0,0,0,0,1,255,255,255,255,0,0,0;
19:427,72,256,25,0.000000,0,50,stone,0,0,0,0,1,255,255,255,255,0,0,0;
20:426,96,384,176,0.000000,0,50,cobble,0,0,0,0,0,255,255,76,32,0,0,0;
21:682,73,107,23,-0.785397,0,50,cobble,0,0,0,0,0,255,255,76,32,0,0,0;
22:786,75,26,198,0.000000,0,50,stone,0,0,0,0,1,255,255,255,255,0,0,0;
23:398,272,25,26,-1.570795,1,50,stone,0,0,0,0,1,255,255,255,255,0,0,0;
24:682,71,25,122,0.000000,0,50,stone,0,0,0,10,1,255,255,255,255,0,0,0;
25:662,149,65,65,0.000000,0,50,sawblade,1,0,0,0,0,255,255,255,255,8,0,0;
26:651,37,29,35,-1.570795,1,50,cobble,0,0,0,0,0,255,255,76,32,0,0,0;
27:157,-172,181,223,0.000000,0,50,cobble,0,0,0,0,0,255,255,76,32,0,0,0;
28:402,72,25,26,-1.570795,1,50,stone,0,0,0,0,1,255,255,255,255,0,0,0;
29:680,37,131,35,1.138826,0,50,cobble,0,0,0,0,0,255,255,76,32,0,0,0;
30:760,36,65,65,0.000000,0,50,sawblade,1,0,0,0,0,255,255,255,255,8,0,0;
31:523,148,65,65,0.000000,0,50,sawblade,1,0,0,0,0,255,255,255,255,8,0,0;
32:533,250,44,45,0.000000,0,50,sawblade,1,0,0,0,0,255,255,255,255,8,0,0;
33:551,90,7,91,0.000000,0,50,stone,0,0,0,0,1,255,255,255,255,0,0,0;
34:499,51,5,21,0.000000,0,50,stone,0,0,0,0,0,255,255,255,255,0,0,0;
35:497,44,9,10,0.000000,0,50,None,0,0,0,0,0,255,255,255,255,0,0,0;
36:-749,226,5,22,0.000000,0,50,stone,0,0,0,0,1,255,255,255,255,0,0,0;
37:593,51,5,21,0.000000,0,50,stone,0,0,0,0,0,255,255,255,255,0,0,0;
38:591,44,9,10,0.000000,0,50,None,0,0,0,0,0,255,255,255,255,0,0,0;
39:-753,215,13,13,0.000000,0,50,None,0,0,0,0,1,255,255,255,255,0,0,0;
40:151,61,5,236,0.000000,0,50,wood,0,0,0,0,0,255,255,255,255,0,0,0;
41:337,63,5,234,0.000000,0,50,wood,0,0,0,0,0,255,255,255,255,0,0,0;
42:338,49,25,26,-1.570795,0,50,stone,0,0,0,25,1,255,255,255,255,0,0,0;
43:131,49,25,26,-1.570795,1,50,stone,0,0,8,41,1,255,255,255,255,0,0,0;
44:155,49,183,26,0.000000,1,50,stone,0,0,0,0,1,255,255,255,255,0,0,0;
45:156,74,181,223,0.000000,0,50,cobble,0,0,0,0,0,255,255,76,32,0,0,0;
46:202,286,67,12,0.000000,0,11,spike,0,0,0,0,0,255,255,255,255,0,0,0;
47:185,159,9,10,0.000000,0,50,None,0,0,0,0,0,255,255,255,255,0,0,0;
48:286,160,9,10,0.000000,0,50,None,0,0,0,0,0,255,255,255,255,0,0,0;
49:-163,48,5,236,0.000000,0,50,wood,0,0,0,0,0,255,255,255,255,0,0,0;
50:333,27,6,25,0.000000,0,50,stone,0,0,0,0,1,255,255,255,255,0,0,0;
51:333,-172,6,144,0.000000,0,50,stone,0,0,0,0,1,255,255,255,255,0,0,0;
52:339,-43,27,16,-1.570795,0,50,None,0,0,0,25,1,255,156,0,0,0,0,0;
53:130,-43,27,16,-1.570795,1,50,None,0,0,0,25,1,255,156,0,0,0,0,0;
54:157,-172,6,144,0.000000,0,50,stone,0,0,0,0,1,255,255,255,255,0,0,0;
55:157,-196,182,26,0.000000,1,50,stone,0,0,0,0,1,255,255,255,255,0,0,0;
56:339,-196,25,26,-1.570795,0,50,stone,0,0,0,25,1,255,255,255,255,0,0,0;
57:132,-196,25,26,-1.570795,1,50,stone,0,0,8,41,1,255,255,255,255,0,0,0;
58:244,-148,11,168,0.000000,0,26,wood,0,0,0,0,0,255,255,255,255,0,0,0;
59:215,-162,72,73,0.000000,0,50,sawblade,1,0,0,0,0,255,255,160,43,12,90,132;
60:-74,48,5,236,0.000000,0,50,wood,0,0,0,0,0,255,255,255,255,0,0,0;
61:-158,-24,85,307,0.000000,0,50,cobble,0,0,0,0,0,255,255,76,32,0,0,0;
62:-167,-29,9,88,0.000000,0,50,stone,0,0,0,0,1,255,255,255,255,0,0,0;
63:-74,-29,9,88,0.000000,0,50,stone,0,0,0,0,1,255,255,255,255,0,0,0;
64:-159,-29,86,57,0.000000,0,50,stone,0,0,16,0,1,255,255,255,255,0,0,0;
65:-74,94,25,26,-1.570795,0,50,stone,0,0,8,41,1,255,255,255,255,0,0,0;
66:-183,94,25,26,-1.570795,1,50,stone,0,0,8,41,1,255,255,255,255,0,0,0;
67:-158,96,85,24,0.000000,0,50,stone,0,0,0,0,1,255,255,255,255,0,0,0;
68:-167,-89,51,60,-1.570795,1,50,stone,0,0,41,41,1,255,255,255,255,0,0,0;
69:-116,-89,51,60,-1.570795,0,50,stone,0,0,43,41,1,255,255,255,255,0,0,0;
70:-132,47,25,25,0.000000,0,50,check,0,1,0,0,0,0,255,255,255,0,0,0;
71:-133,46,29,26,0.000000,0,50,gem,1,0,0,0,0,255,255,255,255,0,0,0;
72:187,73,5,86,0.000000,0,50,stone,0,0,0,0,0,255,255,255,255,0,0,0;
73:288,74,5,86,0.000000,0,50,stone,0,0,0,0,0,255,255,255,255,0,0,0;
74:-120,174,9,10,0.000000,0,50,None,0,0,0,0,0,255,255,255,255,0,0,0;
75:-118,119,5,55,0.000000,0,50,stone,0,0,0,0,0,255,255,255,255,0,0,0;
76:-116,-65,15,14,-1.570795,0,50,None,0,0,0,0,0,255,255,255,255,0,0,0;
77:-131,-65,15,14,-1.570795,1,50,None,0,0,0,0,0,255,255,255,255,0,0,0;
l1:464,13,74,0,0,147,255,255,255,255,-1,0;
l2:559,14,74,0,0,147,255,255,255,255,-1,0;
l3:-828,135,164,0,0,158,255,255,255,255,-1,0;
l4:151,125,74,0,0,147,255,255,255,255,-1,0;
l5:254,129,74,0,0,147,255,255,255,255,-1,0;
l6:-159,17,81,0,0,163,255,255,54,255,-1,0;
l7:-153,140,74,0,0,147,255,255,255,255,-1,0;
l8:-176,-110,122,0,0,193,255,255,255,255,-1,0;
k0:-324,267,96,16,0,0,0;
k1:-14,485,96,16,0,0,0;
k2:200,288,66,11,0,0,0;
k3:532,160,46,43,0,0,0;
k4:537,258,32,22,0,0,0;
k5:669,159,46,47,0,0,0;
k6:770,44,46,47,0,0,0;
k7:224,-150,52,51,0,90,132;
/