m:temple,-1,-500,-500,500,500,desert,255,2.810000,60000,0;
p:-334,294,18,20;
1:-237,278,742,89,0.000000,0,50,stone,0,0,0,0,1,255,255,255,255,0,-1,0;
2:-241,61,634,55,0.000000,0,50,stone,0,0,0,0,1,255,255,255,255,0,-1,0;
3:-500,315,263,27,0.000000,0,67,upperSand,0,0,0,0,1,255,255,255,255,0,-1,0;
4:-501,342,264,162,0.000000,0,67,sand,0,0,0,0,1,255,255,255,255,0,-1,0;
5:-238,366,739,137,0.000000,0,67,sand,0,0,0,0,1,255,255,255,255,0,-1,0;
6:-80,227,92,14,0.000000,0,30,wood,0,0,0,0,1,255,255,255,255,0,4,30;
7:-239,116,743,164,0.000000,0,64,cobble,0,0,0,0,0,255,255,240,0,0,-1,0;
8:475,-116,31,394,0.000000,0,50,stone,0,0,100,53,1,255,255,255,255,0,-1,0;
9:-147,116,10,6,0.000000,0,50,None,0,0,0,0,0,255,255,189,14,0,-1,0;
10:99,115,10,7,0.000000,0,50,None,0,0,0,0,0,255,255,189,14,0,-1,0;
11:318,117,10,5,0.000000,0,50,None,0,0,0,0,0,255,255,189,14,0,-1,0;
12:-452,59,212,57,-0.667588,1,50,stone,0,0,0,0,1,255,255,255,255,0,-1,0;
13:-416,-52,178,367,-1.570795,1,74,cobble,0,0,0,0,0,255,255,240,0,0,-1,0;
14:-288,278,51,41,-1.413715,1,50,stone,0,0,0,0,1,255,255,255,255,0,-1,0;
15:-202,228,51,50,-1.570795,1,50,stone,0,0,0,0,1,255,255,255,255,0,-1,0;
16:-113,264,585,16,0.000000,0,15,spike,0,0,0,0,0,255,255,255,255,0,-1,0;
17:274,226,92,14,0.000000,0,30,wood,0,0,0,0,1,255,255,255,255,0,5,30;
18:140,112,5,42,0.000000,0,50,stone,0,0,0,0,1,255,255,255,255,0,-1,0;
19:141,243,5,42,0.000000,0,50,stone,0,0,0,0,1,255,255,255,255,0,-1,0;
20:112,123,62,60,0.000000,0,50,sawblade,1,0,0,0,0,255,255,171,0,6,-1,0;
21:122,219,44,45,0.000000,0,50,sawblade,1,0,0,0,0,255,255,171,0,5,-1,0;
22:369,228,26,76,0.274889,0,50,stone,0,0,0,0,1,255,255,255,255,0,-1,0;
23:395,259,81,19,0.000000,0,50,startTile,0,0,0,0,1,114,255,255,255,0,-1,0;
24:397,208,80,10,0.000000,0,30,wood,0,0,0,0,1,255,255,255,255,0,6,0;
25:-238,-95,743,219,0.000000,0,64,cobble,0,0,93,60,0,255,255,240,0,-1,-1,0;
26:-151,229,43,50,0.000000,1,50,stone,0,0,0,2,1,255,255,255,255,0,-1,0;
27:-252,-116,727,68,0.000000,0,50,stone,0,0,0,0,1,255,255,255,255,0,-1,0;
28:-341,-116,89,68,-0.824667,1,50,stone,0,0,0,0,1,255,255,255,255,0,-1,0;
29:196,-89,94,90,0.000000,0,50,sawblade,1,0,0,0,0,255,255,171,0,4,2,22;
30:76,-20,94,90,0.000000,0,50,sawblade,1,0,0,0,0,255,255,171,0,5,1,22;
31:-59,-89,94,90,0.000000,0,50,sawblade,1,0,0,0,0,255,255,171,0,5,0,22;
32:335,-48,10,5,0.000000,0,50,None,0,0,0,0,0,255,255,189,14,0,-1,0;
33:-102,-48,10,5,0.000000,0,50,None,0,0,0,0,0,255,255,189,14,0,-1,0;
34:-409,-71,5,165,0.000000,0,26,wood,0,0,0,0,0,255,255,255,255,0,-1,0;
35:-443,77,76,13,0.000000,0,26,wood,0,0,0,0,1,255,255,255,255,0,3,0;
36:-58,-212,104,96,-0.667588,0,50,cobble,0,0,0,0,0,255,255,255,0,0,-1,0;
37:-161,-212,104,96,-1.492255,1,50,cobble,0,0,0,0,0,255,255,255,0,0,-1,0;
38:-161,-225,210,24,0.000000,0,50,stone,0,0,0,0,1,255,255,255,255,0,-1,0;
39:49,-226,25,25,-1.570795,0,50,stone,0,0,0,0,1,255,255,255,255,0,-1,0;
40:-186,-226,25,25,-1.570795,1,50,stone,0,0,0,0,1,255,255,255,255,0,-1,0;
41:78,-187,78,73,-1.570795,1,50,stone,0,0,0,0,1,255,255,255,255,0,-1,0;
42:173,-253,127,141,-0.628318,1,50,cobble,0,0,0,0,0,255,255,255,0,0,-1,0;
43:236,-142,107,28,0.000000,1,50,stone,0,0,0,0,1,255,255,255,255,0,-1,0;
44:420,-258,86,142,0.000000,0,50,stone,0,0,0,0,1,255,255,255,255,0,-1,0;
45:420,-359,87,102,-1.570795,1,50,stone,0,0,0,0,1,255,255,255,255,0,-1,0;
46:-188,-139,5,29,0.000000,0,50,stone,0,0,0,0,0,255,255,255,255,0,-1,0;
47:-191,-150,11,12,0.000000,0,50,None,0,0,0,0,0,255,255,255,255,0,-1,0;
48:-53,-157,11,12,0.000000,0,50,None,0,0,0,0,0,255,255,255,255,0,-1,0;
49:-50,-145,5,29,0.000000,0,50,stone,0,0,0,0,0,255,255,255,255,0,-1,0;
50:-410,-74,7,8,0.000000,0,26,wood,0,0,0,0,0,255,255,255,255,0,-1,0;
51:-410,82,7,8,0.000000,0,26,wood,0,0,0,0,0,255,255,255,255,0,-1,0;
52:185,-143,53,28,-1.570795,1,50,stone,0,0,0,93,1,255,255,255,255,0,-1,0;
53:-168,-201,11,86,0.000000,0,50,cobble,0,0,0,0,0,255,255,255,0,0,-1,0;
54:156,-187,18,72,0.000000,1,50,stone,0,0,0,7,1,255,255,255,255,0,-1,0;
55:300,-214,63,98,-0.628318,0,58,cobble,0,0,0,15,0,255,255,255,0,0,-1,0;
56:-128,-308,5,83,0.000000,0,28,wood,0,0,0,0,0,255,255,255,255,0,-1,0;
57:-123,-304,30,26,-0.314159,0,28,None,0,0,0,0,0,255,134,0,0,0,-1,0;
58:-63,-275,23,25,0.000000,0,50,check,0,1,0,0,0,0,255,255,255,0,-1,0;
59:-65,-274,27,25,0.000000,0,28,gem,1,0,0,0,0,255,255,255,255,0,-1,0;
60:-425,268,45,52,0.000000,0,50,cactus,1,0,0,0,0,255,255,255,255,0,-1,0;
61:-489,282,33,41,0.000000,0,50,cactus,1,0,0,0,0,255,255,255,255,0,-1,0;
t1:-441,63,70,25,0,0,-1,40,35,0,0,0;
t2:398,196,75,21,0,0,-1,46,24,0,0,0;
k0:-43,-75,61,61,0,0,22;
k1:93,-6,61,61,0,1,22;
k2:213,-75,61,61,0,2,22;
k3:129,227,29,29,0,-1,0;
n0:0,-25,-57,-25,12;
n1:0,111,12,112,-57;
n2:0,231,-57,231,12;
n3:0,-418,71,-418,-83;
n4:0,-47,222,75,222;
n5:0,308,221,186,221;
n6:0,425,201,425,58;
/