m:torpeto,-1,-5000,-5000,5000,5000,background,63,2.000000;
p:0,0,18,20;
1:-139,-133,120,405,0.000000,0,50,stone,0,0,0,0,1,255,255,255,255,0,0,0,100;
2:294,-135,120,405,0.000000,0,50,stone,0,0,0,0,1,255,255,255,255,0,0,0,100;
3:-140,-258,552,126,0.000000,0,50,stone,0,0,0,0,1,255,255,255,255,0,0,0,100;
4:-139,270,553,125,0.000000,0,50,stone,0,0,0,0,1,255,255,255,255,0,0,0,100;
5:82,2,119,131,0.000000,0,50,stone,0,0,0,0,1,250,255,255,255,0,0,0,100;
6:128,52,22,23,0.000000,0,50,None,0,0,0,0,1,255,255,255,255,0,0,0,100;
7:308,227,13,13,0.000000,0,50,None,0,0,0,0,1,255,255,255,255,0,270,300,1278;
8:-44,-83,13,13,0.000000,0,50,None,0,0,0,0,1,255,255,255,255,0,90,300,1278;
9:-8,286,13,13,0.000000,0,50,None,0,0,0,0,1,255,255,255,255,0,0,300,1278;
10:269,-156,13,13,0.000000,0,50,None,0,0,0,0,1,255,255,255,255,0,180,300,1278;
11:90,8,7,8,0.000000,0,50,None,0,0,0,0,1,255,255,255,255,0,0,96,1000;
12:89,117,7,8,0.000000,0,50,None,0,0,0,0,1,255,255,255,255,0,0,96,1000;
13:89,7,7,8,0.000000,0,50,None,0,0,0,0,1,255,255,255,255,0,89,108,1000;
14:187,9,7,8,0.000000,0,50,None,0,0,0,0,1,255,255,255,255,0,89,108,1000;
15:186,117,7,8,0.000000,0,50,None,0,0,0,0,1,255,255,255,255,0,179,96,1000;
16:186,116,7,8,0.000000,0,50,None,0,0,0,0,1,255,255,255,255,0,269,108,1000;
l1:13,-68,253,0,0,100,255,255,255,255;
l2:220,-34,194,0,0,100,255,0,255,255;
l3:46,198,194,0,0,100,255,0,255,255;
l4:-136,-31,194,0,0,100,255,0,255,255;
l5:45,-244,194,0,0,100,255,0,255,255;
l6:-126,-236,194,0,0,100,255,255,0,0;
l7:215,-234,194,0,0,100,255,255,0,0;
l8:219,182,194,0,0,100,255,255,0,0;
l9:-130,185,194,0,0,100,255,255,0,0;
d0:-19,-132,106,268,3,1,1500,34;
d1:201,0,99,272,1,1,1500,34;
d2:-19,131,219,140,0,1,1500,38;
d3:85,-132,210,132,2,1,1500,34;
/