m:water,-1,-5000,-5000,5000,5000,background2,152;
p:0,0,18,20;
0:735,-171,50,200,1.000000,t,600,None,f,0,0,0,0,0,0,0,0;
1:-50,32,314,52,0.000000,f,62,grass,f,0,0,0,1,255,255,255,255;
2:263,32,52,51,-1.295906,f,64,grass,f,0,0,100,1,250,255,229,255;
3:97,-40,16,15,0.000000,f,50,None,f,0,0,0,0,255,255,244,255;
4:190,-39,13,13,0.000000,f,50,None,f,0,0,0,1,255,255,255,244;
5:264,82,314,52,0.000000,f,96,grass,f,0,0,45,1,229,255,255,255;
6:524,34,52,51,-1.295906,t,64,grass,f,0,0,100,1,255,255,249,255;
7:577,33,314,52,0.000000,f,62,grass,f,0,0,0,1,255,255,249,255;
8:313,91,13,13,0.000000,f,50,None,f,0,0,0,0,255,255,239,255;
9:369,91,13,13,0.000000,f,50,None,f,0,0,0,0,242,255,255,255;
10:428,92,13,13,0.000000,f,50,None,f,0,0,0,0,255,255,255,255;
11:486,92,13,13,0.000000,f,50,None,f,0,0,0,1,225,255,255,255;
12:535,93,13,13,0.000000,f,50,None,f,0,0,0,1,246,255,255,255;
13:785,-233,22,273,0.000000,f,50,stone,f,0,0,0,1,255,255,224,224;
14:712,-172,24,149,0.000000,f,50,stone,f,0,0,0,1,255,255,255,249;
15:552,-195,158,26,0.000000,f,44,wood,f,0,0,0,1,255,255,255,255;
16:711,-197,25,29,-1.256636,f,50,stone,f,0,0,0,1,255,255,249,255;
17:602,-187,9,9,0.000000,f,50,None,f,0,0,0,1,255,255,255,255;
18:559,-187,9,9,0.000000,f,50,None,f,0,0,0,1,255,234,255,239;
19:646,-187,9,9,0.000000,f,50,None,f,0,0,0,1,221,255,255,255;
20:690,-188,9,9,0.000000,f,50,None,f,0,0,0,1,246,255,244,255;
21:717,-140,9,9,0.000000,f,50,None,f,0,0,0,0,0,0,0,0;
22:719,-49,9,9,0.000000,f,50,None,f,0,0,0,0,0,0,0,0;
23:718,-95,9,9,0.000000,f,50,None,f,0,0,0,0,0,0,0,0;
24:790,-138,9,9,0.000000,f,50,None,f,0,0,0,0,0,0,0,0;
25:790,-96,9,9,0.000000,f,50,None,f,0,0,0,0,0,0,0,0;
26:789,-48,9,9,0.000000,f,50,None,f,0,0,0,0,0,0,0,0;
27:659,-39,13,13,0.000000,f,50,None,f,0,0,0,0,229,255,255,255;
28:667,-57,49,5,0.000000,f,50,cobble,f,0,0,0,1,255,255,255,255;
29:663,-58,5,23,0.000000,f,50,cobble,f,0,0,0,1,255,255,255,255;
30:193,-26,5,61,0.000000,f,50,stone,f,0,0,0,0,255,255,255,255;
31:101,-27,5,61,0.000000,f,50,stone,f,0,0,0,0,255,255,255,255;
l1:42,-99,130,0,0,178,255,255,255,255;
l2:129,-94,131,0,0,178,255,255,255,255;
l3:253,31,130,0,0,178,255,255,255,255;
l4:312,34,130,0,0,178,255,255,255,255;
l5:368,35,130,0,0,178,255,255,255,255;
l6:427,34,130,0,0,178,255,255,255,255;
l7:473,34,130,0,0,178,255,255,255,255;
l8:498,-241,130,0,0,137,255,255,255,255;
l9:544,-242,130,0,0,122,173,255,255,255;
l10:591,-243,130,0,0,122,173,255,255,255;
l11:632,-248,130,0,0,122,173,255,255,255;
l12:657,-195,130,0,0,122,173,255,255,255;
l13:659,-152,130,0,0,122,173,255,255,255;
l14:660,-107,130,0,0,122,173,255,255,255;
l15:732,-198,130,0,0,122,173,255,255,255;
l16:733,-153,130,0,0,122,173,255,255,255;
l17:732,-107,130,0,0,122,173,255,255,255;
l18:595,-97,130,0,0,178,255,255,255,255;
d0:263,34,324,49,1,1,540;
d1:735,-171,50,200,1,1,600;
/