m:what,-1,-5000,-5000,5000,5000,night,24;
p:-21,23,18,20;
1:-23,43,80,298,0.000000,0,50,stone,0,0,0,0,1,255,255,255,255,0,0,0,100;
2:278,29,80,298,0.000000,0,50,stone,0,0,0,0,1,255,255,255,255,0,0,0,100;
3:3,134,25,25,0.000000,0,50,None,0,0,0,0,1,255,255,255,255,0,0,0,100;
4:309,96,25,25,0.000000,0,50,None,0,0,0,0,1,255,255,255,255,0,0,0,100;
5:585,39,80,298,0.000000,0,50,stone,0,0,0,0,1,255,255,255,255,0,0,0,100;
6:611,135,25,25,0.000000,0,50,None,0,0,0,0,1,255,255,255,255,0,0,0,100;
7:583,-37,82,77,-1.570795,1,50,stone,0,0,0,0,1,255,255,255,255,0,0,0,100;
8:1016,190,204,50,0.000000,0,50,stone,0,0,0,0,1,255,255,255,255,0,0,0,100;
9:1040,202,25,25,0.000000,0,50,None,0,0,0,0,1,255,255,255,255,0,0,0,100;
l1:-258,-124,541,0,0,188,255,255,255,255;
l2:46,-162,541,0,0,188,255,255,255,255;
l3:358,-124,541,0,0,188,255,255,255,255;
l4:783,-52,541,0,0,188,255,255,255,255;
d0:33,18,25,25,0,0,570,63;
d1:32,18,25,25,1,0,630,123;
d2:332,4,25,25,0,0,570,63;
d3:332,4,25,25,1,0,869,51;
d4:585,-32,79,68,0,1,630,38;
/