m:yes,7661,-5000,-5000,5000,5000,background2,255;
p:-53,-12,13,14;
0:7737,0,0,0,0.000000,t,61,None,t,257,0,0;
1:-12,27,46,260,0.000000,f,50,stone,f,0,0,0;
2:4,261,12,12,0.000000,f,50,None,f,0,0,0;
3:6,35,12,12,0.000000,f,50,None,f,0,0,0;
4:-120,114,255,48,0.000000,f,50,stone,f,0,0,0;
5:111,131,16,16,0.000000,f,50,None,f,0,0,0;
6:-114,130,16,16,0.000000,f,50,None,f,0,0,0;
7:-119,28,109,88,-1.413715,t,50,stone,f,0,0,0;
8:33,27,102,87,-1.570795,f,50,stone,f,0,0,0;
9:-69,68,12,11,-1.570795,t,50,None,f,0,0,0;
10:75,69,12,11,-1.570795,f,50,None,f,0,0,0;
11:0,114,22,25,0.000000,f,50,None,f,0,0,0;
12:-1,-61,28,89,0.000000,f,50,stone,f,0,0,0;
13:-240,-56,52,427,0.000000,f,50,stone,f,0,0,0;
14:-218,-6,13,15,0.000000,f,50,None,f,0,0,0;
15:-219,63,13,15,0.000000,f,50,None,f,0,0,0;
16:-219,133,13,15,0.000000,f,50,None,f,0,0,0;
17:-219,206,13,15,0.000000,f,50,None,f,0,0,0;
18:-219,284,13,15,0.000000,f,50,None,f,0,0,0;
19:-144,239,75,21,0.000000,f,50,stone,f,0,0,0;
20:-114,243,10,11,0.000000,f,50,None,f,0,0,0;
21:-14,331,49,14,0.000000,f,50,stone,f,0,0,0;
22:-6,325,34,6,0.000000,f,32,Bcheck,f,2,8,13;
23:78,197,167,118,-1.570795,t,50,stone,f,0,0,0;
24:96,294,25,19,-1.570795,t,50,None,f,0,0,0;
25:148,255,25,19,-1.570795,t,50,None,f,0,0,0;
26:210,218,25,19,-1.570795,t,50,None,f,0,0,0;
27:54,-11,45,11,0.000000,f,50,stone,f,0,0,0;
28:61,-17,32,5,0.000000,f,30,check,f,1,0,16;
29:245,67,16,255,0.000000,f,50,stone,f,0,0,0;
30:127,151,84,10,0.000000,f,50,stone,f,0,0,0;
31:211,150,11,32,0.000000,f,50,stone,f,0,0,0;
32:134,133,20,18,0.000000,f,50,stone,f,0,0,0;
33:154,140,15,12,0.000000,f,50,stone,f,0,0,0;
34:134,121,12,15,0.000000,f,50,stone,f,0,0,0;
35:178,145,24,6,0.000000,f,30,Bcheck,f,2,0,13;
l1:-52,-19,126,0,0,239,255,0,255,255;
l2:-53,204,126,0,0,193,183,0,255,0;
l3:56,76,126,0,0,168,255,0,255,255;
l4:-170,69,126,0,0,183,255,0,255,255;
l5:-124,11,126,0,0,183,204,20,255,255;
l6:27,24,101,0,0,183,163,0,255,255;
l7:-52,67,123,0,0,255,255,255,255,255;
l8:-254,-39,85,0,0,183,255,255,158,66;
l9:-254,30,85,0,0,183,255,255,137,71;
l10:-255,97,85,0,0,183,255,255,142,183;
l11:-254,172,85,0,0,183,255,255,168,209;
l12:-253,250,85,0,0,183,255,255,127,255;
l13:-157,203,94,0,0,183,229,255,0,0;
l14:-54,268,126,0,0,102,86,255,255,255;
l15:38,245,137,0,0,204,86,255,255,255;
l16:96,200,137,0,0,204,86,255,255,255;
l17:160,164,137,0,0,204,86,255,255,255;
l18:-1,-85,151,0,0,122,255,255,183,234;
/
i0:0,0,1,0,0,1,-53,-11,-8.558424,7.000000;
i1:553,0,0,0,0,1,-116,71,-164.717615,284.500000;
i2:659,0,0,1,0,1,-130,104,-111.120651,337.000000;
i3:773,0,0,0,0,1,-137,102,-28.139949,49.000000;
i4:1229,0,0,1,0,1,-143,180,3.779299,279.000000;
c0:2638;
i5:2829,1,0,1,0,1,7,308,140.767555,7.500000;
i6:3015,0,0,1,0,1,36,291,169.447575,101.500000;
i7:3716,0,0,0,0,1,177,230,189.827841,18.500000;
i8:3925,0,0,1,0,1,204,208,117.807838,8.000000;
i9:3971,1,0,1,0,1,209,202,128.963754,7.000000;
i10:4084,0,0,1,0,1,226,189,151.900800,64.000000;
i11:4235,1,0,1,0,1,232,183,7.379876,0.000000;
i12:4318,1,0,0,0,1,224,172,3.345148,43.000000;
i13:4346,0,0,0,0,1,222,169,3.076001,57.000000;
i14:4378,0,1,0,0,1,221,167,-2.295634,72.000000;
i15:4460,1,1,0,0,1,221,162,-4.737720,0.000000;
i16:4534,1,1,1,0,1,228,153,-3.595150,36.000000;
i17:4563,1,0,1,0,1,230,150,-3.299370,49.000000;
i18:4588,0,0,1,0,1,232,148,0.961751,63.000000;
i19:4675,1,0,1,0,1,232,142,3.628772,0.000000;
i20:4760,1,0,0,0,1,224,132,3.358244,42.500000;
i21:4788,1,1,0,0,1,222,129,0.994360,57.000000;
i22:4816,0,1,0,0,1,220,127,-3.437842,70.500000;
c1:5176;
i23:5240,1,1,0,0,1,180,128,-119.096262,7.500000;
i24:5385,0,1,0,0,1,158,113,-150.483668,80.000000;
i25:5498,0,1,1,0,1,138,106,-167.100234,137.500000;
i26:5531,0,0,1,0,1,133,106,-150.311620,154.000000;
i27:5590,1,0,1,0,1,135,104,31.914939,7.000000;
i28:5666,1,0,0,0,1,139,95,58.665277,46.500000;
i29:5697,1,1,0,0,1,140,92,45.386711,60.500000;
i30:5726,0,1,0,0,1,141,90,24.970885,74.500000;
i31:6486,0,1,1,0,1,47,35,-192.117417,9.000000;
i32:6524,0,0,1,0,1,40,29,-171.981348,9.000000;
i33:6608,1,0,1,0,1,34,17,9.142311,7.500000;
i34:6651,1,0,0,0,1,35,11,24.209373,28.000000;
i35:6678,1,1,0,0,1,35,8,13.703090,42.000000;
i36:6706,0,1,0,0,1,35,6,-4.164774,56.000000;
i37:6840,1,1,0,0,1,29,-1,-71.192804,122.500000;
i38:7013,0,1,0,0,1,36,-15,-8.689764,58.500000;
i39:7110,0,0,0,0,1,40,-21,-21.014642,108.500000;
i40:7142,0,0,1,0,1,41,-22,-15.055281,123.000000;
i41:7170,1,0,1,0,1,42,-25,-5.252951,136.500000;
i42:7225,0,0,1,0,1,44,-25,15.055592,164.000000;
i43:7267,0,0,0,0,1,47,-24,24.862649,7.000000;
i44:7661,1,0,0,0,1,48,-27,0.000000,7.500000;
