m:yessir,-1,-5000,-5000,5000,5000,background,63;
p:0,0,18,20;
0:0,-156,218,0,0.000000,t,255,None,t,255,0,0,0,0;
1:-25,28,365,447,0.000000,f,50,stone,f,0,0,0,1,255;
2:103,-52,10,12,0.000000,f,50,None,f,0,0,0,1,255;
3:106,-42,5,77,0.000000,f,30,cobble,f,0,10,0,0,255;
4:202,-52,10,12,0.000000,f,50,None,f,0,0,0,1,255;
5:205,-41,5,77,0.000000,f,30,cobble,f,0,10,0,0,255;
6:401,-25,365,447,0.000000,f,50,stone,f,0,0,0,1,255;
7:339,-23,62,450,-0.117810,t,50,stone,f,0,0,0,1,255;
8:330,-48,5,77,0.000000,f,30,cobble,f,0,10,0,0,255;
9:327,-53,10,12,0.000000,f,50,None,f,0,0,0,1,255;
10:449,-23,10,12,0.000000,f,50,None,f,0,0,0,1,255;
11:556,-23,10,12,0.000000,f,50,None,f,0,0,0,1,255;
12:633,-22,10,12,0.000000,f,50,None,f,0,0,0,1,255;
13:723,-22,10,12,0.000000,f,50,None,f,0,0,0,1,255;
l1:-1,-154,218,0,0,100,255,255,255,255;
l2:98,-155,218,0,0,100,255,255,255,255;
l3:222,-156,218,0,0,100,255,255,255,255;
l4:345,-127,218,0,0,61,255,0,255,255;
l5:452,-127,218,0,0,61,255,0,255,255;
l6:529,-127,218,0,0,56,255,0,255,255;
l7:619,-126,218,0,0,56,255,0,255,255;
/